ID,Tipo de Comercio,|,Ingreso,Inicio Elaboración,Fin Elaboración,Asignación de repartidor,Inicio Envio,Fin Envio,Repartidor Listo,|,Demora total del Pedido,Retraso de comienzo de elaboración,Espera con pedido elaborado,Tiempo para asignar repartidor
0,restaurante,|,3,4,41,4,41,49,58,|,46,1,0,1
1,restaurante,|,6,7,26,7,26,31,36,|,25,1,0,1
2,restaurante,|,11,12,24,12,24,33,42,|,22,1,0,1
3,farmacia,|,15,16,16,16,16,33,50,|,18,1,0,1
4,restaurante,|,17,18,36,18,36,43,51,|,26,1,0,1
5,restaurante,|,17,18,37,20,37,47,58,|,30,1,0,3
6,almacen,|,18,19,19,19,19,28,37,|,10,1,0,1
7,restaurante,|,21,22,47,22,47,65,83,|,44,1,0,1
8,restaurante,|,26,27,62,27,62,82,102,|,56,1,0,1
9,restaurante,|,30,31,62,31,62,80,98,|,50,1,0,1
10,restaurante,|,32,37,79,33,79,98,118,|,66,5,0,1
11,restaurante,|,35,36,71,37,71,87,103,|,52,1,0,2
12,restaurante,|,35,47,62,36,62,73,84,|,38,12,0,1
13,restaurante,|,40,62,94,41,94,111,128,|,71,22,0,1
14,restaurante,|,42,43,81,44,81,100,119,|,58,1,0,2
15,restaurante,|,42,43,76,43,76,90,104,|,48,1,0,1
16,almacen,|,44,45,45,45,46,55,65,|,11,1,1,1
17,restaurante,|,48,49,64,49,64,71,78,|,23,1,0,1
18,restaurante,|,48,49,91,51,91,104,117,|,56,1,0,3
19,restaurante,|,52,53,81,53,81,101,121,|,49,1,0,1
20,restaurante,|,52,53,92,59,92,109,126,|,57,1,0,7
21,restaurante,|,55,56,94,66,94,113,132,|,58,1,0,11
22,restaurante,|,55,62,82,60,82,95,108,|,40,7,0,5
23,restaurante,|,59,60,102,109,102,119,136,|,60,1,0,50
24,almacen,|,61,62,62,85,86,102,119,|,41,1,24,24
25,farmacia,|,62,63,63,79,80,88,97,|,26,1,17,17
26,restaurante,|,65,102,117,99,117,124,132,|,59,37,0,34
27,restaurante,|,66,94,118,103,118,127,137,|,61,28,0,37
28,restaurante,|,70,94,122,104,122,127,133,|,57,24,0,34
29,restaurante,|,72,81,107,127,119,133,148,|,61,9,12,55
30,almacen,|,74,75,75,98,99,110,122,|,36,1,24,24
31,farmacia,|,74,75,75,84,85,100,116,|,26,1,10,10
32,restaurante,|,79,107,123,118,128,143,159,|,64,28,5,39
33,restaurante,|,80,81,109,119,120,132,145,|,52,1,11,39
34,restaurante,|,80,81,98,122,118,130,143,|,50,1,20,42
35,restaurante,|,83,84,126,123,126,131,136,|,48,1,0,40
36,almacen,|,83,84,84,105,105,110,115,|,27,1,21,22
37,restaurante,|,88,98,143,120,143,151,159,|,63,10,0,32
38,restaurante,|,88,143,186,117,186,194,203,|,106,55,0,29
39,restaurante,|,90,91,122,138,139,158,178,|,68,1,17,48
40,restaurante,|,91,117,148,129,148,168,188,|,77,26,0,38
41,farmacia,|,92,93,93,116,117,133,150,|,41,1,24,24
42,restaurante,|,92,93,109,139,140,158,177,|,66,1,31,47
43,restaurante,|,96,97,130,133,134,145,157,|,49,1,4,37
44,restaurante,|,98,99,114,134,135,139,144,|,41,1,21,36
45,restaurante,|,99,100,114,145,146,165,185,|,66,1,32,46
46,almacen,|,104,105,105,121,122,135,149,|,31,1,17,17
47,restaurante,|,105,148,190,135,190,207,224,|,102,43,0,30
48,restaurante,|,106,107,144,137,144,152,160,|,46,1,0,31
49,restaurante,|,109,122,164,150,164,184,204,|,75,13,0,41
50,restaurante,|,113,130,147,151,152,171,191,|,58,17,5,38
51,restaurante,|,118,119,146,144,146,155,165,|,37,1,0,26
52,restaurante,|,122,144,154,146,154,170,186,|,48,22,0,24
53,restaurante,|,123,124,145,166,167,185,204,|,62,1,22,43
54,restaurante,|,128,190,221,160,221,232,243,|,104,62,0,32
55,restaurante,|,133,134,150,178,179,195,212,|,62,1,29,45
56,restaurante,|,134,135,159,205,206,223,241,|,89,1,47,71
57,restaurante,|,137,146,187,161,187,192,198,|,55,9,0,24
58,restaurante,|,140,187,200,158,200,208,217,|,68,47,0,18
59,restaurante,|,141,147,172,192,193,209,226,|,68,6,21,51
60,restaurante,|,142,143,182,163,182,190,198,|,48,1,0,21
61,almacen,|,146,147,147,149,150,154,159,|,8,1,3,3
62,restaurante,|,151,164,176,162,176,183,190,|,32,13,0,11
63,restaurante,|,155,156,191,208,209,226,244,|,71,1,18,53
64,restaurante,|,157,158,192,191,192,199,207,|,42,1,0,34
65,restaurante,|,161,162,187,215,216,226,237,|,65,1,29,54
66,restaurante,|,165,186,214,204,214,228,242,|,63,21,0,39
67,restaurante,|,167,168,179,199,200,209,219,|,42,1,21,32
68,farmacia,|,170,171,171,179,180,186,193,|,16,1,9,9
69,almacen,|,174,175,175,186,187,200,214,|,26,1,12,12
70,restaurante,|,176,177,217,227,219,229,240,|,53,1,2,51
71,restaurante,|,176,177,202,220,221,228,236,|,52,1,19,44
72,almacen,|,176,177,177,187,188,202,217,|,26,1,11,11
73,restaurante,|,179,180,190,225,226,243,260,|,64,1,36,46
74,almacen,|,181,182,182,189,190,206,223,|,25,1,8,8
75,restaurante,|,184,221,250,206,250,256,262,|,72,37,0,22
76,restaurante,|,187,188,218,244,245,263,282,|,76,1,27,57
77,restaurante,|,188,189,200,216,217,229,242,|,41,1,17,28
78,farmacia,|,192,193,193,194,195,208,222,|,16,1,2,2
79,restaurante,|,194,195,218,243,244,261,279,|,67,1,26,49
80,restaurante,|,195,232,270,223,270,285,300,|,90,37,0,28
81,farmacia,|,197,197,197,200,201,207,214,|,10,0,4,3
82,restaurante,|,197,200,219,219,220,230,241,|,33,3,1,22
83,almacen,|,199,200,200,213,214,232,251,|,33,1,14,14
84,restaurante,|,201,201,238,237,238,249,261,|,48,0,0,36
85,restaurante,|,201,217,232,218,232,246,260,|,45,16,0,17
86,restaurante,|,206,207,240,247,248,265,283,|,59,1,8,41
87,restaurante,|,211,270,300,241,300,316,332,|,105,59,0,30
88,restaurante,|,214,215,232,238,239,244,250,|,30,1,7,24
89,restaurante,|,217,218,264,245,264,270,277,|,53,1,0,28
90,almacen,|,222,223,223,224,225,242,260,|,20,1,2,2
91,restaurante,|,225,226,248,251,252,266,281,|,41,1,4,26
92,restaurante,|,230,231,255,261,255,267,279,|,37,1,0,31
93,restaurante,|,233,255,280,246,280,293,307,|,60,22,0,13
94,restaurante,|,238,239,253,264,265,277,290,|,39,1,12,26
95,farmacia,|,241,242,242,242,243,255,268,|,14,1,1,1
96,restaurante,|,243,244,285,252,285,290,295,|,47,1,0,9
97,restaurante,|,247,248,266,290,291,306,322,|,59,1,25,43
98,restaurante,|,250,251,267,291,292,311,331,|,61,1,25,41
99,restaurante,|,254,255,277,265,277,284,291,|,30,1,0,11
100,farmacia,|,255,256,256,262,263,277,292,|,22,1,7,7
101,almacen,|,260,261,261,263,264,276,289,|,16,1,3,3
102,restaurante,|,263,280,323,269,323,329,336,|,66,17,0,6
103,restaurante,|,265,266,297,282,297,305,313,|,40,1,0,17
104,restaurante,|,267,300,335,292,335,349,364,|,82,33,0,25
105,almacen,|,268,269,269,278,279,285,292,|,17,1,10,10
106,restaurante,|,268,269,279,283,284,291,299,|,23,1,5,15
107,almacen,|,269,270,270,281,282,290,299,|,21,1,12,12
108,restaurante,|,272,273,290,294,294,307,321,|,35,1,4,22
109,farmacia,|,276,277,277,280,281,293,306,|,17,1,4,4
110,restaurante,|,277,278,291,284,291,298,306,|,21,1,0,7
111,restaurante,|,279,290,334,293,334,341,348,|,62,11,0,14
112,restaurante,|,283,284,307,314,315,324,334,|,41,1,8,31
113,restaurante,|,284,285,309,336,337,351,366,|,67,1,28,52
114,restaurante,|,286,287,299,343,302,319,337,|,33,1,3,57
115,restaurante,|,287,288,296,322,323,332,342,|,45,1,27,35
116,restaurante,|,287,299,317,301,344,353,363,|,66,12,27,14
117,restaurante,|,288,289,300,300,301,306,312,|,18,1,1,12
118,restaurante,|,288,289,324,296,324,331,338,|,43,1,0,8
119,restaurante,|,289,290,301,313,314,329,345,|,40,1,13,24
120,restaurante,|,294,295,323,364,323,337,352,|,43,1,0,70
121,restaurante,|,296,323,350,302,354,360,367,|,64,27,4,6
122,restaurante,|,301,368,397,338,397,415,434,|,114,67,0,37
123,restaurante,|,301,302,312,333,312,322,332,|,21,1,0,32
124,restaurante,|,302,312,327,307,334,338,343,|,36,10,7,5
125,restaurante,|,302,335,367,335,367,379,391,|,77,33,0,33
126,restaurante,|,302,323,341,309,341,347,353,|,45,21,0,7
127,restaurante,|,302,341,384,337,384,401,419,|,99,39,0,35
128,restaurante,|,304,305,343,368,347,362,378,|,58,1,4,64
129,almacen,|,304,305,305,308,309,327,346,|,23,1,4,4
130,restaurante,|,308,334,368,344,368,387,406,|,79,26,0,36
131,restaurante,|,313,350,376,353,376,388,400,|,75,37,0,40
132,restaurante,|,313,314,347,349,350,360,371,|,47,1,3,36
133,restaurante,|,316,327,367,339,367,373,380,|,57,11,0,23
134,restaurante,|,316,324,368,369,368,375,383,|,59,8,0,53
135,restaurante,|,318,319,345,370,371,388,406,|,70,1,26,52
136,farmacia,|,318,319,319,323,324,329,335,|,11,1,5,5
137,restaurante,|,319,343,361,346,369,379,390,|,60,24,8,27
138,restaurante,|,321,368,397,365,397,413,429,|,92,47,0,44
139,farmacia,|,321,322,322,332,333,350,368,|,29,1,11,11
140,almacen,|,326,327,327,334,335,351,368,|,25,1,8,8
141,restaurante,|,327,367,387,354,387,395,403,|,68,40,0,27
142,restaurante,|,331,332,344,401,392,411,431,|,80,1,48,70
143,restaurante,|,336,337,382,404,405,414,424,|,78,1,23,68
144,farmacia,|,340,341,341,347,348,367,387,|,27,1,7,7
145,restaurante,|,344,345,366,379,380,388,397,|,44,1,14,35
146,almacen,|,348,349,349,367,368,381,394,|,33,1,19,19
147,restaurante,|,348,349,379,384,385,390,396,|,42,1,6,36
148,restaurante,|,350,351,368,391,402,409,417,|,59,1,34,41
149,restaurante,|,351,352,388,388,389,399,410,|,48,1,1,37
150,restaurante,|,356,357,371,414,414,432,451,|,76,1,43,58
151,restaurante,|,357,397,420,406,420,438,456,|,81,40,0,49
152,restaurante,|,361,379,393,392,393,402,411,|,41,18,0,31
153,restaurante,|,363,364,380,436,437,456,476,|,93,1,57,73
154,restaurante,|,364,387,421,397,421,432,443,|,68,23,0,33
155,restaurante,|,366,367,383,407,408,419,431,|,53,1,25,41
156,almacen,|,367,368,368,372,373,392,412,|,25,1,5,5
157,almacen,|,371,372,372,381,382,393,405,|,22,1,10,10
158,almacen,|,375,376,376,395,396,403,411,|,28,1,20,20
159,almacen,|,378,378,378,398,399,418,438,|,40,0,21,20
160,restaurante,|,378,379,417,413,417,424,431,|,46,1,0,35
161,restaurante,|,381,382,401,432,433,447,462,|,66,1,32,51
162,restaurante,|,386,387,426,433,434,450,467,|,64,1,8,47
163,restaurante,|,391,392,422,418,422,433,444,|,42,1,0,27
164,farmacia,|,393,394,394,408,409,423,438,|,30,1,15,15
165,restaurante,|,397,398,428,444,445,460,476,|,63,1,17,47
166,almacen,|,399,400,400,411,412,430,449,|,31,1,12,12
167,restaurante,|,401,402,427,430,431,437,444,|,36,1,4,29
168,restaurante,|,406,422,438,425,438,444,450,|,38,16,0,19
169,restaurante,|,407,408,424,435,436,448,461,|,41,1,12,28
170,restaurante,|,408,409,440,451,452,470,489,|,62,1,12,43
171,restaurante,|,408,420,433,440,441,458,476,|,50,12,8,32
172,farmacia,|,409,410,410,412,413,422,432,|,13,1,3,3
173,restaurante,|,409,410,429,439,440,444,449,|,35,1,11,30
174,almacen,|,414,415,415,420,421,433,446,|,19,1,6,6
175,restaurante,|,418,419,448,452,453,469,486,|,51,1,5,34
176,restaurante,|,420,421,455,446,455,466,477,|,46,1,0,26
177,restaurante,|,424,425,437,447,448,462,477,|,38,1,11,23
178,restaurante,|,429,430,474,450,474,484,494,|,55,1,0,21
179,farmacia,|,433,434,434,434,434,443,452,|,10,1,0,1
180,restaurante,|,438,455,491,453,491,506,521,|,68,17,0,15
181,restaurante,|,442,443,473,462,473,487,501,|,45,1,0,20
182,almacen,|,444,445,445,445,446,465,485,|,21,1,1,1
183,restaurante,|,447,448,466,468,469,487,506,|,40,1,3,21
184,restaurante,|,452,453,475,454,475,483,491,|,31,1,0,2
185,almacen,|,454,455,455,457,458,477,497,|,23,1,3,3
186,restaurante,|,456,457,481,490,491,508,526,|,52,1,10,34
187,almacen,|,458,459,459,463,464,482,501,|,24,1,5,5
188,restaurante,|,462,463,475,477,478,486,495,|,24,1,3,15
189,restaurante,|,466,467,491,481,491,500,509,|,34,1,0,15
190,restaurante,|,467,468,495,510,499,515,532,|,48,1,4,43
191,restaurante,|,468,469,480,478,480,485,491,|,17,1,0,10
192,restaurante,|,469,470,513,487,513,519,525,|,50,1,0,18
193,restaurante,|,471,513,527,486,527,531,536,|,60,42,0,15
194,restaurante,|,475,476,489,479,489,496,503,|,21,1,0,4
195,restaurante,|,478,479,502,480,502,509,516,|,31,1,0,2
196,restaurante,|,481,482,509,492,509,518,527,|,37,1,0,11
197,restaurante,|,483,509,519,496,519,531,543,|,48,26,0,13
198,restaurante,|,484,495,531,498,531,538,545,|,54,11,0,14
199,restaurante,|,489,490,527,525,527,540,553,|,51,1,0,36
200,restaurante,|,491,492,502,521,522,537,553,|,46,1,20,30
201,restaurante,|,491,502,524,507,524,537,550,|,46,11,0,16
202,restaurante,|,491,492,509,493,509,518,527,|,27,1,0,2
203,almacen,|,493,494,494,495,496,506,517,|,13,1,2,2
204,restaurante,|,493,494,506,517,518,523,529,|,30,1,12,24
205,restaurante,|,495,531,557,504,557,562,567,|,67,36,0,9
206,almacen,|,498,499,499,502,503,511,520,|,13,1,4,4
207,almacen,|,498,499,499,503,504,514,524,|,16,1,5,5
208,restaurante,|,501,527,537,518,537,549,561,|,48,26,0,17
209,restaurante,|,505,506,518,527,528,541,555,|,36,1,10,22
210,restaurante,|,510,537,562,526,562,578,594,|,68,27,0,16
211,restaurante,|,510,511,545,537,545,563,582,|,53,1,0,27
212,restaurante,|,515,516,542,530,542,555,568,|,40,1,0,15
213,restaurante,|,519,520,555,528,555,563,571,|,44,1,0,9
214,almacen,|,521,522,522,522,522,536,550,|,15,1,0,1
215,restaurante,|,526,527,562,544,562,574,586,|,48,1,0,18
216,restaurante,|,526,542,567,545,567,585,603,|,59,16,0,19
217,restaurante,|,526,527,567,560,567,577,587,|,51,1,0,34
218,almacen,|,528,529,529,529,530,536,543,|,8,1,1,1
219,almacen,|,530,531,531,533,534,546,559,|,16,1,3,3
220,restaurante,|,530,531,549,568,569,579,590,|,49,1,20,38
221,restaurante,|,534,535,556,562,563,580,598,|,46,1,7,28
222,restaurante,|,537,538,584,571,584,601,618,|,64,1,0,34
223,restaurante,|,541,584,620,551,620,626,632,|,85,43,0,10
224,restaurante,|,541,562,594,595,596,614,633,|,73,21,2,54
225,restaurante,|,541,555,565,556,565,576,587,|,35,14,0,15
226,restaurante,|,543,543,553,546,553,560,567,|,17,0,0,3
227,farmacia,|,547,548,548,552,553,560,568,|,13,1,5,5
228,farmacia,|,548,550,550,554,555,571,588,|,23,2,5,6
229,almacen,|,551,552,552,555,556,573,591,|,22,1,4,4
230,restaurante,|,552,553,582,599,592,608,625,|,56,1,10,47
231,restaurante,|,553,553,564,583,584,595,607,|,42,0,20,30
232,restaurante,|,556,557,573,608,609,626,644,|,70,1,36,52
233,restaurante,|,557,582,605,591,605,622,639,|,65,25,0,34
234,restaurante,|,559,562,593,570,593,602,611,|,43,3,0,11
235,farmacia,|,563,564,564,569,570,577,585,|,14,1,6,6
236,restaurante,|,564,565,605,588,605,613,621,|,49,1,0,24
237,restaurante,|,564,565,599,589,599,612,625,|,48,1,0,25
238,restaurante,|,565,566,584,627,628,645,663,|,80,1,44,62
239,restaurante,|,569,570,586,592,593,606,620,|,37,1,7,23
240,restaurante,|,571,572,586,634,588,605,623,|,34,1,2,63
241,restaurante,|,571,586,611,587,617,624,632,|,53,15,6,16
242,almacen,|,571,572,572,572,572,584,596,|,13,1,0,1
243,restaurante,|,574,599,636,597,636,653,671,|,79,25,0,23
244,restaurante,|,576,637,681,590,681,695,709,|,119,61,0,14
245,almacen,|,577,578,578,586,587,606,626,|,29,1,9,9
246,restaurante,|,578,584,599,633,634,650,667,|,72,6,35,55
247,restaurante,|,583,584,597,636,637,645,654,|,62,1,40,53
248,restaurante,|,586,611,627,616,627,632,638,|,46,25,0,30
249,restaurante,|,589,663,709,622,709,724,739,|,135,74,0,33
250,restaurante,|,590,605,637,619,637,647,658,|,57,15,0,29
251,restaurante,|,594,595,638,628,638,651,664,|,57,1,0,34
252,restaurante,|,598,638,663,635,663,681,699,|,83,40,0,37
253,farmacia,|,599,600,600,604,605,610,615,|,11,1,5,5
254,restaurante,|,604,605,628,655,656,673,691,|,69,1,28,51
255,almacen,|,605,605,605,621,622,637,653,|,32,0,17,16
256,farmacia,|,608,609,609,612,613,625,638,|,17,1,4,4
257,almacen,|,612,613,613,624,625,629,634,|,17,1,12,12
258,restaurante,|,612,636,673,637,673,688,703,|,76,24,0,25
259,restaurante,|,612,613,652,659,660,678,697,|,66,1,8,47
260,restaurante,|,613,614,643,645,646,651,657,|,38,1,3,32
261,restaurante,|,618,619,645,654,655,662,670,|,44,1,10,36
262,restaurante,|,618,619,630,672,673,688,704,|,70,1,43,54
263,restaurante,|,618,627,663,658,663,683,703,|,65,9,0,40
264,restaurante,|,623,673,695,639,695,704,713,|,81,50,0,16
265,farmacia,|,624,625,625,626,627,631,636,|,7,1,2,2
266,restaurante,|,624,681,698,641,698,705,713,|,81,57,0,17
267,restaurante,|,624,625,647,693,694,702,711,|,78,1,47,69
268,restaurante,|,627,628,641,717,718,735,753,|,108,1,77,90
269,restaurante,|,632,728,740,664,740,758,777,|,126,96,0,32
270,restaurante,|,634,635,681,668,681,688,695,|,54,1,0,34
271,farmacia,|,638,639,639,640,641,657,674,|,19,1,2,2
272,restaurante,|,639,652,669,696,697,711,726,|,72,13,28,57
273,restaurante,|,644,709,754,665,754,759,764,|,115,65,0,21
274,restaurante,|,649,695,718,671,718,732,746,|,83,46,0,22
275,restaurante,|,654,698,728,692,728,737,746,|,83,44,0,38
276,restaurante,|,654,655,695,704,701,709,718,|,55,1,6,50
277,restaurante,|,658,659,671,705,706,712,719,|,54,1,35,47
278,restaurante,|,663,695,729,700,729,737,746,|,74,32,0,37
279,farmacia,|,666,667,667,675,676,683,691,|,17,1,9,9
280,restaurante,|,669,670,681,710,711,716,722,|,47,1,30,41
281,restaurante,|,672,673,716,712,716,727,738,|,55,1,0,40
282,restaurante,|,672,673,710,742,743,762,782,|,90,1,33,70
283,restaurante,|,673,673,710,714,715,723,732,|,50,0,5,41
284,restaurante,|,675,676,720,740,740,755,771,|,80,1,20,65
285,farmacia,|,678,679,679,698,699,707,716,|,29,1,20,20
286,restaurante,|,683,684,697,719,720,731,743,|,48,1,23,36
287,farmacia,|,683,684,684,706,707,717,728,|,34,1,23,23
288,restaurante,|,685,686,701,720,721,730,740,|,45,1,20,35
289,restaurante,|,690,724,766,729,766,786,806,|,96,34,0,39
290,restaurante,|,693,754,795,733,795,805,815,|,112,61,0,40
291,restaurante,|,698,710,724,723,724,737,750,|,39,12,0,25
292,restaurante,|,699,700,716,741,742,749,757,|,50,1,26,42
293,restaurante,|,704,720,746,739,746,757,768,|,53,16,0,35
294,restaurante,|,707,708,721,757,758,764,771,|,57,1,37,50
295,almacen,|,711,712,712,727,728,738,749,|,27,1,16,16
296,farmacia,|,714,715,715,715,715,727,739,|,13,1,0,1
297,restaurante,|,716,717,749,751,752,757,763,|,41,1,3,35
298,restaurante,|,719,720,761,754,761,774,787,|,55,1,0,35
299,restaurante,|,724,725,738,769,770,786,803,|,62,1,32,45
300,restaurante,|,729,761,771,764,771,786,801,|,57,32,0,35
301,farmacia,|,730,731,731,744,745,750,756,|,20,1,14,14
302,restaurante,|,733,734,750,758,759,767,776,|,34,1,9,25
303,almacen,|,734,735,735,747,748,760,773,|,26,1,13,13
304,almacen,|,738,739,739,749,750,765,781,|,27,1,11,11
305,almacen,|,741,742,742,750,751,756,762,|,15,1,9,9
306,restaurante,|,741,750,761,765,766,780,795,|,39,9,5,24
307,farmacia,|,745,746,746,748,749,762,776,|,17,1,3,3
308,restaurante,|,747,748,759,773,774,787,801,|,40,1,15,26
309,restaurante,|,751,752,782,796,797,813,830,|,62,1,15,45
310,restaurante,|,756,761,800,778,800,808,816,|,52,5,0,22
311,restaurante,|,756,757,783,779,783,791,800,|,35,1,0,23
312,restaurante,|,756,757,784,805,784,799,814,|,43,1,0,49
313,restaurante,|,758,759,773,783,784,801,819,|,43,1,11,25
314,farmacia,|,758,759,759,763,764,776,789,|,18,1,5,5
315,restaurante,|,758,759,783,782,783,795,808,|,37,1,0,24
316,restaurante,|,759,783,824,788,824,844,864,|,85,24,0,29
317,restaurante,|,762,784,811,777,811,821,831,|,59,22,0,15
318,restaurante,|,767,824,866,802,866,876,887,|,109,57,0,35
319,almacen,|,769,770,770,772,773,789,806,|,20,1,3,3
320,farmacia,|,773,774,774,774,774,788,802,|,15,1,0,1
321,restaurante,|,776,777,793,823,824,839,855,|,63,1,31,47
322,restaurante,|,781,782,812,807,812,817,822,|,36,1,0,26
323,restaurante,|,783,784,828,808,828,839,850,|,56,1,0,25
324,restaurante,|,784,785,815,834,815,830,846,|,46,1,0,50
325,restaurante,|,785,786,829,815,829,834,839,|,49,1,0,30
326,farmacia,|,786,787,787,790,791,805,820,|,19,1,4,4
327,restaurante,|,788,789,821,820,821,826,832,|,38,1,0,32
328,restaurante,|,788,789,806,870,818,837,857,|,49,1,12,82
329,almacen,|,792,793,793,803,804,816,829,|,24,1,11,11
330,restaurante,|,792,815,843,809,843,850,858,|,58,23,0,17
331,restaurante,|,795,796,834,831,834,841,848,|,46,1,0,36
332,farmacia,|,795,796,796,801,801,816,832,|,21,1,5,6
333,restaurante,|,795,796,836,854,855,870,886,|,75,1,19,59
334,restaurante,|,795,796,830,821,830,835,841,|,40,1,0,26
335,restaurante,|,796,797,823,830,831,835,840,|,39,1,8,34
336,restaurante,|,798,806,851,817,871,878,886,|,80,8,20,19
337,farmacia,|,802,803,803,804,805,819,834,|,17,1,2,2
338,restaurante,|,803,804,814,833,834,843,853,|,40,1,20,30
339,restaurante,|,807,829,872,842,872,880,888,|,73,22,0,35
340,restaurante,|,809,834,877,847,877,896,916,|,87,25,0,38
341,restaurante,|,811,812,856,869,856,866,876,|,55,1,0,58
342,restaurante,|,811,856,878,832,878,886,894,|,75,45,0,21
343,farmacia,|,814,815,815,816,817,828,840,|,14,1,2,2
344,restaurante,|,819,878,888,835,888,900,912,|,81,59,0,16
345,restaurante,|,822,823,842,857,858,863,869,|,41,1,16,35
346,restaurante,|,823,830,852,856,852,860,868,|,37,7,0,33
347,restaurante,|,824,852,891,851,891,898,905,|,74,28,0,27
348,restaurante,|,828,829,870,865,870,878,887,|,50,1,0,37
349,restaurante,|,828,829,847,859,860,872,884,|,44,1,13,31
350,restaurante,|,828,829,855,887,888,904,921,|,76,1,33,59
351,restaurante,|,832,833,848,866,867,871,876,|,39,1,19,34
352,almacen,|,833,834,834,843,844,863,883,|,30,1,10,10
353,farmacia,|,833,834,834,840,840,852,864,|,19,1,6,7
354,almacen,|,834,835,835,849,850,864,879,|,30,1,15,15
355,farmacia,|,839,840,840,841,842,848,855,|,9,1,2,2
356,restaurante,|,842,847,866,893,894,911,929,|,69,5,28,51
357,restaurante,|,845,870,906,877,906,924,943,|,79,25,0,32
358,restaurante,|,850,851,885,878,885,890,896,|,40,1,0,28
359,restaurante,|,853,885,896,880,896,911,926,|,58,32,0,27
360,farmacia,|,856,857,857,858,859,875,892,|,19,1,2,2
361,restaurante,|,861,862,889,895,896,908,921,|,47,1,7,34
362,restaurante,|,861,862,889,913,914,925,937,|,64,1,25,52
363,restaurante,|,863,864,875,888,889,893,898,|,30,1,14,25
364,restaurante,|,867,868,910,889,910,918,926,|,51,1,0,22
365,restaurante,|,872,888,899,885,899,909,920,|,37,16,0,13
366,restaurante,|,873,874,897,917,918,937,957,|,64,1,21,44
367,almacen,|,878,879,879,884,885,898,912,|,20,1,6,6
368,restaurante,|,878,879,904,890,904,910,916,|,32,1,0,12
369,restaurante,|,879,880,924,899,924,929,934,|,50,1,0,20
370,restaurante,|,883,884,894,918,919,934,950,|,51,1,25,35
371,restaurante,|,883,884,901,923,924,940,957,|,57,1,23,40
372,restaurante,|,884,891,901,891,901,907,913,|,23,7,0,7
373,restaurante,|,887,945,977,906,977,983,989,|,96,58,0,19
374,restaurante,|,891,901,945,928,945,964,983,|,73,10,0,37
375,farmacia,|,895,896,896,897,898,915,933,|,20,1,2,2
376,restaurante,|,896,904,917,915,917,921,926,|,25,8,0,19
377,restaurante,|,896,897,935,921,935,939,944,|,43,1,0,25
378,restaurante,|,901,902,935,922,935,947,960,|,46,1,0,21
379,restaurante,|,905,906,936,929,936,950,964,|,45,1,0,24
380,almacen,|,908,909,909,914,915,934,954,|,26,1,6,6
381,restaurante,|,908,909,944,934,944,955,966,|,47,1,0,26
382,restaurante,|,913,914,940,935,940,954,968,|,41,1,0,22
383,restaurante,|,915,944,972,927,972,979,986,|,64,29,0,12
384,restaurante,|,920,921,942,951,952,966,981,|,46,1,10,31
385,restaurante,|,920,921,933,959,960,975,991,|,55,1,27,39
386,restaurante,|,924,925,941,930,941,950,959,|,26,1,0,6
387,restaurante,|,925,977,1021,944,1021,1031,1041,|,106,52,0,19
388,restaurante,|,930,931,974,958,974,985,996,|,55,1,0,28
389,almacen,|,935,936,936,938,939,951,964,|,16,1,3,3
390,restaurante,|,936,937,975,965,975,994,1013,|,58,1,0,29
391,almacen,|,941,942,942,945,946,965,985,|,24,1,4,4
392,farmacia,|,946,947,947,955,956,968,981,|,22,1,9,9
393,restaurante,|,946,947,970,969,970,989,1008,|,43,1,0,23
394,restaurante,|,950,970,1005,967,1005,1023,1041,|,73,20,0,17
395,restaurante,|,951,952,981,961,981,990,999,|,39,1,0,10
396,restaurante,|,954,955,988,982,988,999,1010,|,45,1,0,28
397,farmacia,|,959,960,960,960,960,977,994,|,18,1,0,1
398,farmacia,|,964,965,965,966,967,978,990,|,14,1,2,2
399,restaurante,|,969,974,1008,986,1008,1022,1036,|,53,5,0,17
400,restaurante,|,969,972,990,983,990,998,1006,|,29,3,0,14
401,restaurante,|,971,972,1007,991,1007,1014,1021,|,43,1,0,20
402,restaurante,|,971,972,995,992,995,1012,1030,|,41,1,0,21
403,restaurante,|,973,1007,1022,984,1022,1028,1034,|,55,34,0,11
404,restaurante,|,977,1008,1045,987,1045,1050,1055,|,73,31,0,10
405,restaurante,|,982,990,1028,995,1028,1047,1066,|,65,8,0,13
406,almacen,|,987,988,988,990,991,999,1008,|,12,1,3,3
407,restaurante,|,990,1028,1061,1007,1061,1077,1093,|,87,38,0,17
408,restaurante,|,990,991,1017,1014,1017,1033,1049,|,43,1,0,24
409,restaurante,|,993,1021,1035,997,1035,1043,1051,|,50,28,0,4
410,almacen,|,996,997,997,1000,1001,1012,1024,|,16,1,4,4
411,restaurante,|,997,998,1036,1009,1036,1045,1054,|,48,1,0,12
412,restaurante,|,1002,1003,1044,1011,1044,1056,1068,|,54,1,0,9
413,restaurante,|,1005,1017,1052,1022,1052,1065,1079,|,60,12,0,17
414,restaurante,|,1005,1006,1033,1025,1033,1046,1059,|,41,1,0,20
415,restaurante,|,1005,1006,1029,1010,1029,1037,1045,|,32,1,0,5
416,restaurante,|,1006,1007,1028,1035,1032,1050,1069,|,44,1,4,29
417,restaurante,|,1010,1028,1051,1031,1051,1070,1089,|,60,18,0,21
418,restaurante,|,1015,1016,1049,1043,1049,1059,1069,|,44,1,0,28
419,restaurante,|,1017,1018,1061,1037,1061,1067,1073,|,50,1,0,20
420,restaurante,|,1018,1019,1034,1074,1068,1085,1103,|,67,1,34,56
421,restaurante,|,1021,1022,1065,1071,1072,1087,1103,|,66,1,7,50
422,restaurante,|,1024,1035,1048,1046,1048,1067,1086,|,43,11,0,22
423,restaurante,|,1027,1045,1071,1060,1071,1089,1108,|,62,18,0,33
424,restaurante,|,1029,1033,1070,1050,1070,1077,1085,|,48,4,0,21
425,restaurante,|,1029,1030,1063,1056,1063,1072,1081,|,43,1,0,27
426,restaurante,|,1031,1034,1061,1067,1075,1084,1094,|,53,3,14,36
427,farmacia,|,1036,1037,1037,1042,1043,1048,1054,|,12,1,6,6
428,restaurante,|,1037,1061,1076,1069,1076,1090,1104,|,53,24,0,32
429,restaurante,|,1042,1043,1075,1088,1089,1108,1128,|,66,1,14,46
430,restaurante,|,1046,1047,1067,1080,1081,1096,1112,|,50,1,14,34
431,restaurante,|,1047,1048,1077,1078,1079,1084,1090,|,37,1,2,31
432,farmacia,|,1047,1048,1048,1052,1053,1066,1080,|,19,1,5,5
433,almacen,|,1051,1052,1052,1055,1056,1066,1077,|,15,1,4,4
434,farmacia,|,1056,1057,1057,1057,1057,1071,1085,|,15,1,0,1
435,restaurante,|,1060,1061,1082,1082,1083,1094,1106,|,34,1,1,22
436,restaurante,|,1064,1065,1103,1086,1103,1113,1123,|,49,1,0,22
437,restaurante,|,1067,1068,1104,1109,1104,1121,1139,|,54,1,0,42
438,farmacia,|,1068,1069,1069,1070,1071,1085,1100,|,17,1,2,2
439,restaurante,|,1068,1069,1079,1094,1095,1099,1104,|,31,1,16,26
440,restaurante,|,1069,1070,1088,1104,1105,1121,1138,|,52,1,17,35
441,restaurante,|,1069,1076,1096,1090,1096,1102,1108,|,33,7,0,21
442,restaurante,|,1073,1074,1113,1095,1113,1122,1132,|,49,1,0,22
443,restaurante,|,1076,1077,1099,1101,1102,1110,1119,|,34,1,3,25
444,farmacia,|,1079,1080,1080,1081,1082,1093,1105,|,14,1,2,2
445,restaurante,|,1084,1104,1149,1098,1149,1156,1164,|,72,20,0,14
446,almacen,|,1084,1085,1085,1087,1088,1092,1097,|,8,1,3,3
447,restaurante,|,1086,1087,1128,1108,1128,1139,1150,|,53,1,0,22
448,almacen,|,1090,1091,1091,1091,1092,1106,1121,|,16,1,1,1
449,restaurante,|,1092,1103,1149,1106,1149,1163,1177,|,71,11,0,14
450,restaurante,|,1095,1128,1160,1107,1160,1173,1186,|,78,33,0,12
451,restaurante,|,1098,1099,1143,1129,1143,1160,1177,|,62,1,0,31
452,restaurante,|,1101,1160,1181,1110,1181,1188,1195,|,87,59,0,9
453,almacen,|,1102,1103,1103,1105,1106,1110,1115,|,8,1,3,3
454,restaurante,|,1107,1143,1184,1124,1184,1199,1214,|,92,36,0,17
455,restaurante,|,1109,1110,1151,1111,1151,1159,1168,|,50,1,0,2
456,restaurante,|,1110,1111,1149,1113,1149,1156,1163,|,46,1,0,3
457,restaurante,|,1112,1113,1140,1116,1140,1151,1163,|,39,1,0,4
458,restaurante,|,1113,1114,1126,1120,1126,1137,1148,|,24,1,0,7
459,restaurante,|,1115,1116,1138,1122,1138,1144,1150,|,29,1,0,7
460,restaurante,|,1120,1121,1134,1149,1141,1155,1170,|,35,1,7,29
461,restaurante,|,1124,1149,1188,1133,1188,1192,1197,|,68,25,0,9
462,restaurante,|,1128,1174,1217,1140,1217,1229,1242,|,101,46,0,12
463,restaurante,|,1130,1134,1174,1206,1174,1194,1214,|,64,4,0,76
464,restaurante,|,1130,1131,1177,1154,1177,1191,1205,|,61,1,0,24
465,restaurante,|,1132,1133,1166,1152,1166,1174,1183,|,42,1,0,20
466,farmacia,|,1133,1134,1134,1139,1140,1146,1153,|,13,1,6,6
467,restaurante,|,1135,1177,1188,1151,1188,1199,1211,|,64,42,0,16
468,restaurante,|,1139,1140,1158,1187,1188,1202,1217,|,63,1,30,48
469,restaurante,|,1143,1181,1204,1164,1204,1209,1214,|,66,38,0,21
470,restaurante,|,1146,1184,1207,1169,1207,1213,1219,|,67,38,0,23
471,restaurante,|,1148,1149,1193,1171,1193,1203,1213,|,55,1,0,23
472,restaurante,|,1153,1204,1235,1179,1235,1250,1265,|,97,51,0,26
473,almacen,|,1158,1159,1159,1165,1166,1176,1187,|,18,1,7,7
474,almacen,|,1161,1162,1162,1166,1167,1174,1182,|,13,1,5,5
475,restaurante,|,1162,1163,1198,1196,1198,1202,1207,|,40,1,0,34
476,restaurante,|,1166,1193,1213,1183,1213,1226,1239,|,60,27,0,17
477,restaurante,|,1169,1213,1251,1188,1251,1256,1261,|,87,44,0,19
478,farmacia,|,1171,1172,1172,1178,1179,1192,1206,|,21,1,7,7
479,restaurante,|,1173,1174,1200,1205,1206,1217,1229,|,44,1,6,32
480,restaurante,|,1177,1178,1204,1208,1209,1220,1232,|,43,1,5,31
481,almacen,|,1180,1181,1181,1184,1185,1194,1204,|,14,1,4,4
482,restaurante,|,1185,1186,1203,1215,1213,1225,1238,|,40,1,10,30
483,restaurante,|,1185,1186,1222,1233,1234,1249,1264,|,64,1,12,48
484,restaurante,|,1185,1207,1241,1216,1241,1246,1251,|,61,22,0,31
485,restaurante,|,1186,1235,1246,1207,1246,1255,1264,|,69,49,0,21
486,restaurante,|,1191,1192,1209,1236,1221,1239,1258,|,48,1,12,45
487,restaurante,|,1192,1203,1216,1212,1216,1229,1243,|,37,11,0,20
488,farmacia,|,1194,1195,1195,1198,1199,1206,1214,|,12,1,4,4
489,restaurante,|,1199,1200,1236,1230,1236,1247,1259,|,48,1,0,31
490,restaurante,|,1200,1209,1219,1220,1237,1245,1254,|,45,9,18,20
491,restaurante,|,1203,1251,1284,1218,1284,1290,1296,|,87,48,0,15
492,farmacia,|,1208,1209,1209,1214,1215,1230,1246,|,22,1,6,6
493,almacen,|,1212,1213,1213,1217,1218,1224,1231,|,12,1,5,5
494,almacen,|,1217,1218,1218,1219,1220,1227,1235,|,10,1,2,2
495,restaurante,|,1218,1219,1242,1259,1244,1258,1273,|,40,1,2,41
496,almacen,|,1221,1223,1223,1232,1233,1241,1250,|,20,2,10,11
497,restaurante,|,1221,1222,1252,1244,1252,1261,1271,|,40,1,0,23
498,restaurante,|,1222,1242,1279,1243,1279,1285,1292,|,63,20,0,21
499,restaurante,|,1222,1223,1239,1255,1239,1257,1275,|,35,1,0,33
500,restaurante,|,1222,1239,1267,1239,1267,1279,1291,|,57,17,0,17
501,restaurante,|,1226,1227,1248,1251,1252,1261,1271,|,35,1,4,25
502,restaurante,|,1227,1228,1261,1252,1261,1271,1281,|,44,1,0,25
503,restaurante,|,1232,1241,1257,1247,1257,1271,1285,|,39,9,0,15
504,restaurante,|,1233,1234,1260,1267,1268,1283,1299,|,50,1,8,34
505,restaurante,|,1234,1235,1264,1279,1280,1299,1319,|,65,1,16,45
506,almacen,|,1239,1240,1240,1240,1240,1258,1276,|,19,1,0,1
507,restaurante,|,1241,1242,1279,1287,1279,1297,1315,|,56,1,0,46
508,restaurante,|,1245,1267,1311,1265,1311,1330,1349,|,85,22,0,20
509,restaurante,|,1249,1250,1268,1260,1268,1275,1282,|,26,1,0,11
510,restaurante,|,1251,1252,1290,1276,1290,1304,1318,|,53,1,0,25
511,restaurante,|,1255,1279,1311,1273,1311,1320,1330,|,65,24,0,18
512,restaurante,|,1258,1259,1275,1262,1275,1280,1285,|,22,1,0,4
513,restaurante,|,1263,1264,1290,1277,1290,1299,1308,|,36,1,0,14
514,restaurante,|,1263,1264,1293,1282,1293,1300,1308,|,37,1,0,19
515,farmacia,|,1263,1264,1264,1266,1267,1272,1278,|,9,1,3,3
516,restaurante,|,1265,1266,1311,1293,1311,1325,1340,|,60,1,0,28
517,farmacia,|,1267,1268,1268,1272,1273,1290,1308,|,23,1,5,5
518,restaurante,|,1271,1272,1306,1297,1306,1319,1332,|,48,1,0,26
519,restaurante,|,1271,1311,1352,1286,1352,1361,1371,|,90,40,0,15
520,almacen,|,1273,1274,1274,1274,1274,1292,1310,|,19,1,0,1
521,restaurante,|,1275,1290,1305,1292,1305,1319,1333,|,44,15,0,17
522,restaurante,|,1276,1277,1308,1309,1310,1327,1345,|,51,1,2,33
523,farmacia,|,1280,1281,1281,1283,1284,1293,1303,|,13,1,3,3
524,restaurante,|,1284,1285,1313,1310,1313,1329,1345,|,45,1,0,26
525,restaurante,|,1286,1311,1350,1300,1350,1363,1377,|,77,25,0,14
526,restaurante,|,1291,1313,1343,1316,1343,1359,1375,|,68,22,0,25
527,restaurante,|,1291,1292,1320,1312,1320,1339,1359,|,48,1,0,21
528,restaurante,|,1296,1311,1338,1304,1338,1344,1350,|,48,15,0,8
529,restaurante,|,1298,1299,1333,1311,1333,1341,1350,|,43,1,0,13
530,restaurante,|,1302,1303,1313,1319,1320,1329,1339,|,27,1,7,17
531,restaurante,|,1302,1303,1323,1331,1332,1342,1353,|,40,1,9,29
532,restaurante,|,1307,1308,1318,1320,1321,1333,1346,|,26,1,3,13
533,restaurante,|,1312,1320,1356,1351,1356,1367,1379,|,55,8,0,39
534,restaurante,|,1314,1315,1361,1360,1361,1378,1395,|,64,1,0,46
535,restaurante,|,1317,1338,1361,1340,1361,1371,1381,|,54,21,0,23
536,restaurante,|,1317,1318,1346,1350,1351,1361,1372,|,44,1,5,33
537,farmacia,|,1321,1322,1322,1333,1334,1344,1355,|,23,1,12,12
538,farmacia,|,1321,1322,1322,1334,1335,1354,1374,|,33,1,13,13
539,restaurante,|,1324,1361,1391,1347,1391,1401,1411,|,77,37,0,23
540,restaurante,|,1326,1350,1390,1348,1390,1399,1408,|,73,24,0,22
541,restaurante,|,1330,1331,1356,1356,1356,1366,1376,|,36,1,0,26
542,restaurante,|,1335,1346,1390,1364,1390,1399,1408,|,64,11,0,29
543,restaurante,|,1335,1336,1347,1378,1374,1392,1411,|,57,1,27,43
544,farmacia,|,1337,1338,1338,1341,1342,1352,1363,|,15,1,4,4
545,farmacia,|,1338,1339,1339,1346,1347,1363,1380,|,25,1,8,8
546,restaurante,|,1339,1340,1376,1372,1376,1380,1385,|,41,1,0,33
547,restaurante,|,1339,1361,1405,1354,1405,1411,1417,|,72,22,0,15
548,restaurante,|,1342,1343,1379,1375,1379,1388,1397,|,46,1,0,33
549,restaurante,|,1346,1356,1394,1362,1394,1405,1416,|,59,10,0,16
550,farmacia,|,1351,1352,1352,1352,1352,1356,1361,|,5,1,0,1
551,restaurante,|,1355,1356,1400,1377,1400,1405,1410,|,50,1,0,22
552,restaurante,|,1356,1357,1387,1380,1387,1407,1427,|,51,1,0,24
553,restaurante,|,1358,1387,1431,1373,1431,1445,1459,|,87,29,0,15
554,restaurante,|,1362,1431,1473,1376,1473,1480,1487,|,118,69,0,14
555,restaurante,|,1366,1367,1391,1413,1414,1430,1447,|,64,1,23,47
556,restaurante,|,1366,1367,1403,1396,1403,1413,1423,|,47,1,0,30
557,restaurante,|,1366,1376,1416,1381,1416,1434,1452,|,68,10,0,15
558,restaurante,|,1366,1367,1381,1417,1412,1422,1433,|,56,1,31,51
559,restaurante,|,1370,1400,1419,1386,1419,1436,1454,|,66,30,0,16
560,restaurante,|,1370,1371,1412,1421,1412,1430,1449,|,60,1,0,51
561,restaurante,|,1372,1373,1390,1398,1399,1408,1418,|,36,1,9,26
562,restaurante,|,1377,1412,1450,1410,1450,1459,1469,|,82,35,0,33
563,almacen,|,1381,1382,1382,1382,1383,1401,1420,|,20,1,1,1
564,restaurante,|,1382,1383,1424,1475,1424,1439,1454,|,57,1,0,93
565,restaurante,|,1385,1424,1446,1411,1476,1493,1511,|,108,39,30,26
566,restaurante,|,1386,1416,1449,1409,1449,1463,1477,|,77,30,0,23
567,restaurante,|,1390,1391,1432,1418,1432,1445,1458,|,55,1,0,28
568,restaurante,|,1390,1391,1405,1448,1449,1456,1464,|,66,1,44,58
569,restaurante,|,1395,1432,1447,1412,1447,1459,1471,|,64,37,0,17
570,restaurante,|,1398,1399,1432,1424,1432,1442,1452,|,44,1,0,26
571,restaurante,|,1401,1402,1443,1434,1443,1452,1462,|,51,1,0,33
572,restaurante,|,1403,1404,1433,1472,1464,1482,1501,|,79,1,31,69
573,restaurante,|,1406,1465,1494,1419,1494,1502,1510,|,96,59,0,13
574,restaurante,|,1409,1473,1503,1459,1503,1517,1531,|,108,64,0,50
575,restaurante,|,1411,1412,1438,1460,1461,1470,1480,|,59,1,23,49
576,restaurante,|,1411,1412,1440,1478,1479,1494,1510,|,83,1,39,67
577,restaurante,|,1414,1432,1455,1443,1455,1468,1481,|,54,18,0,29
578,restaurante,|,1416,1417,1427,1465,1466,1473,1481,|,57,1,39,49
579,restaurante,|,1417,1418,1456,1470,1471,1477,1484,|,60,1,15,53
580,restaurante,|,1417,1418,1438,1469,1470,1474,1479,|,57,1,32,52
581,restaurante,|,1418,1419,1430,1485,1486,1504,1523,|,86,1,56,67
582,restaurante,|,1420,1455,1465,1456,1465,1471,1477,|,51,35,0,36
583,restaurante,|,1422,1433,1461,1463,1473,1484,1496,|,62,11,12,41
584,almacen,|,1422,1423,1423,1428,1429,1435,1442,|,13,1,6,6
585,restaurante,|,1426,1427,1459,1482,1480,1494,1509,|,68,1,21,56
586,restaurante,|,1429,1459,1495,1479,1495,1512,1529,|,83,30,0,50
587,almacen,|,1432,1433,1433,1455,1456,1469,1483,|,37,1,23,23
588,restaurante,|,1434,1494,1523,1481,1523,1538,1553,|,104,60,0,47
589,farmacia,|,1436,1437,1437,1450,1451,1459,1468,|,23,1,14,14
590,restaurante,|,1439,1440,1464,1497,1498,1515,1533,|,76,1,34,58
591,restaurante,|,1439,1446,1474,1480,1481,1494,1508,|,55,7,7,41
592,farmacia,|,1444,1445,1445,1453,1454,1468,1483,|,24,1,9,9
593,farmacia,|,1448,1449,1449,1454,1455,1464,1474,|,16,1,6,6
594,restaurante,|,1449,1450,1460,1502,1503,1517,1532,|,68,1,43,53
595,restaurante,|,1452,1453,1478,1484,1485,1495,1506,|,43,1,7,32
596,restaurante,|,1457,1458,1492,1486,1492,1503,1514,|,46,1,0,29
597,restaurante,|,1457,1458,1498,1509,1510,1526,1543,|,69,1,12,52
598,restaurante,|,1462,1503,1544,1488,1544,1560,1577,|,98,41,0,26
599,restaurante,|,1464,1465,1495,1512,1513,1528,1544,|,64,1,18,48
600,restaurante,|,1467,1468,1503,1514,1508,1515,1523,|,48,1,5,47
601,almacen,|,1472,1473,1473,1483,1484,1496,1509,|,24,1,11,11
602,restaurante,|,1476,1503,1524,1507,1524,1542,1561,|,66,27,0,31
603,restaurante,|,1481,1482,1511,1530,1511,1530,1549,|,49,1,0,49
604,restaurante,|,1483,1484,1519,1533,1534,1552,1571,|,69,1,15,50
605,restaurante,|,1487,1488,1506,1510,1511,1517,1524,|,30,1,5,23
606,restaurante,|,1490,1492,1505,1513,1514,1523,1533,|,33,2,9,23
607,restaurante,|,1492,1493,1509,1515,1516,1527,1539,|,35,1,7,23
608,restaurante,|,1496,1497,1541,1535,1541,1554,1567,|,58,1,0,39
609,restaurante,|,1496,1511,1521,1511,1531,1537,1544,|,41,15,10,15
610,restaurante,|,1498,1499,1519,1526,1527,1540,1554,|,42,1,8,28
611,restaurante,|,1503,1504,1521,1540,1541,1556,1572,|,53,1,20,37
612,restaurante,|,1504,1505,1524,1544,1545,1559,1574,|,55,1,21,40
613,restaurante,|,1509,1523,1546,1524,1546,1551,1557,|,42,14,0,15
614,restaurante,|,1513,1521,1562,1534,1562,1567,1572,|,54,8,0,21
615,restaurante,|,1518,1519,1564,1554,1564,1579,1594,|,61,1,0,36
616,almacen,|,1522,1523,1523,1525,1526,1541,1557,|,19,1,3,3
617,farmacia,|,1527,1528,1528,1532,1533,1552,1572,|,25,1,5,5
618,restaurante,|,1531,1532,1555,1555,1556,1567,1579,|,36,1,1,24
619,restaurante,|,1536,1537,1574,1558,1574,1592,1610,|,56,1,0,22
620,restaurante,|,1538,1539,1553,1559,1560,1572,1585,|,34,1,7,21
621,restaurante,|,1541,1542,1564,1545,1564,1570,1576,|,29,1,0,4
622,restaurante,|,1542,1543,1567,1550,1567,1572,1577,|,30,1,0,8
623,farmacia,|,1545,1546,1546,1546,1546,1561,1577,|,16,1,0,1
624,restaurante,|,1550,1551,1582,1572,1582,1593,1604,|,43,1,0,22
625,restaurante,|,1550,1551,1564,1574,1575,1592,1610,|,42,1,11,24
626,restaurante,|,1554,1562,1582,1577,1582,1598,1615,|,44,8,0,23
627,restaurante,|,1557,1601,1615,1578,1615,1630,1645,|,73,44,0,21
628,restaurante,|,1557,1558,1600,1568,1600,1608,1616,|,51,1,0,11
629,restaurante,|,1557,1558,1583,1576,1583,1597,1611,|,40,1,0,19
630,farmacia,|,1559,1560,1560,1562,1563,1571,1580,|,12,1,3,3
631,restaurante,|,1560,1561,1604,1586,1604,1619,1634,|,59,1,0,26
632,restaurante,|,1565,1574,1601,1575,1601,1608,1615,|,43,9,0,10
633,restaurante,|,1565,1615,1649,1582,1649,1665,1681,|,100,50,0,17
634,restaurante,|,1570,1596,1620,1590,1620,1636,1652,|,66,26,0,20
635,almacen,|,1572,1573,1573,1573,1573,1581,1589,|,9,1,0,1
636,restaurante,|,1572,1573,1611,1581,1611,1616,1621,|,44,1,0,9
637,restaurante,|,1575,1576,1607,1617,1618,1634,1651,|,59,1,11,42
638,restaurante,|,1577,1611,1637,1579,1637,1645,1653,|,68,34,0,2
639,restaurante,|,1577,1604,1624,1580,1624,1632,1640,|,55,27,0,3
640,restaurante,|,1580,1581,1603,1612,1613,1631,1650,|,51,1,10,32
641,restaurante,|,1580,1582,1596,1605,1596,1613,1630,|,33,2,0,25
642,restaurante,|,1583,1627,1659,1611,1659,1678,1697,|,95,44,0,28
643,restaurante,|,1587,1624,1659,1595,1659,1667,1675,|,80,37,0,8
644,restaurante,|,1591,1600,1627,1616,1627,1645,1663,|,54,9,0,25
645,restaurante,|,1595,1596,1626,1618,1626,1636,1646,|,41,1,0,23
646,restaurante,|,1600,1601,1646,1622,1646,1659,1673,|,59,1,0,22
647,restaurante,|,1605,1606,1628,1653,1654,1667,1681,|,62,1,26,48
648,restaurante,|,1610,1611,1624,1613,1624,1632,1640,|,22,1,0,3
649,restaurante,|,1615,1616,1660,1661,1662,1676,1691,|,61,1,2,46
650,farmacia,|,1619,1620,1620,1631,1632,1639,1647,|,20,1,12,12
651,restaurante,|,1620,1624,1651,1648,1651,1655,1660,|,35,4,0,28
652,restaurante,|,1620,1621,1649,1651,1652,1659,1667,|,39,1,3,31
653,restaurante,|,1622,1623,1642,1660,1661,1680,1700,|,58,1,19,38
654,restaurante,|,1626,1627,1652,1671,1672,1689,1707,|,63,1,20,45
655,restaurante,|,1626,1627,1654,1676,1654,1672,1690,|,46,1,0,50
656,farmacia,|,1626,1627,1627,1635,1636,1650,1665,|,24,1,9,9
657,farmacia,|,1626,1627,1627,1641,1642,1650,1659,|,24,1,15,15
658,restaurante,|,1626,1654,1685,1647,1685,1693,1701,|,67,28,0,21
659,restaurante,|,1628,1629,1674,1706,1674,1688,1702,|,60,1,0,78
660,restaurante,|,1628,1652,1670,1674,1675,1690,1706,|,62,24,5,46
661,almacen,|,1630,1631,1631,1646,1646,1659,1672,|,29,1,15,16
662,restaurante,|,1632,1659,1702,1652,1702,1714,1727,|,82,27,0,20
663,farmacia,|,1637,1638,1638,1642,1643,1656,1670,|,19,1,5,5
664,restaurante,|,1642,1643,1653,1664,1665,1676,1688,|,34,1,12,22
665,almacen,|,1645,1646,1646,1654,1655,1670,1686,|,25,1,9,9
666,restaurante,|,1647,1648,1693,1702,1703,1719,1736,|,72,1,10,55
667,restaurante,|,1648,1674,1691,1673,1707,1723,1740,|,75,26,16,25
668,restaurante,|,1652,1700,1727,1666,1727,1741,1755,|,89,48,0,14
669,restaurante,|,1655,1656,1699,1687,1699,1709,1719,|,54,1,0,32
670,restaurante,|,1656,1660,1676,1708,1676,1694,1712,|,38,4,0,52
671,restaurante,|,1660,1727,1754,1682,1754,1766,1778,|,106,67,0,22
672,restaurante,|,1662,1663,1699,1691,1699,1709,1719,|,47,1,0,29
673,farmacia,|,1665,1666,1666,1668,1669,1687,1706,|,22,1,3,3
674,restaurante,|,1665,1676,1700,1707,1700,1716,1732,|,51,11,0,42
675,restaurante,|,1670,1671,1692,1703,1704,1716,1728,|,46,1,12,33
676,restaurante,|,1672,1673,1714,1713,1714,1734,1754,|,62,1,0,41
677,almacen,|,1675,1676,1676,1683,1684,1694,1705,|,19,1,8,8
678,restaurante,|,1676,1685,1722,1698,1722,1735,1748,|,59,9,0,22
679,restaurante,|,1676,1677,1705,1720,1721,1735,1750,|,59,1,16,44
680,restaurante,|,1679,1691,1711,1710,1711,1726,1741,|,47,12,0,31
681,almacen,|,1683,1683,1683,1689,1690,1697,1705,|,14,0,7,6
682,restaurante,|,1685,1686,1717,1741,1742,1759,1777,|,74,1,25,56
683,restaurante,|,1688,1688,1720,1709,1720,1728,1737,|,40,0,0,21
684,almacen,|,1691,1692,1692,1692,1692,1709,1726,|,18,1,0,1
685,restaurante,|,1695,1696,1719,1748,1749,1766,1784,|,71,1,30,53
686,farmacia,|,1698,1699,1699,1701,1702,1712,1723,|,14,1,3,3
687,restaurante,|,1701,1754,1771,1724,1771,1782,1794,|,81,53,0,23
688,restaurante,|,1704,1704,1739,1729,1739,1753,1767,|,49,0,0,25
689,restaurante,|,1706,1706,1737,1737,1737,1742,1747,|,36,0,0,31
690,restaurante,|,1707,1708,1750,1751,1752,1771,1791,|,64,1,2,44
691,restaurante,|,1710,1711,1752,1742,1752,1759,1767,|,49,1,0,32
692,restaurante,|,1715,1737,1772,1732,1772,1779,1786,|,64,22,0,17
693,farmacia,|,1715,1716,1716,1721,1722,1726,1731,|,11,1,6,6
694,almacen,|,1717,1718,1718,1727,1728,1737,1747,|,20,1,10,10
695,restaurante,|,1717,1718,1741,1769,1770,1787,1805,|,70,1,29,52
696,restaurante,|,1720,1721,1738,1749,1750,1763,1777,|,43,1,12,29
697,restaurante,|,1720,1721,1737,1750,1751,1764,1778,|,44,1,14,30
698,almacen,|,1724,1725,1725,1728,1729,1740,1752,|,16,1,4,4
699,almacen,|,1729,1730,1730,1733,1734,1742,1751,|,13,1,4,4
700,restaurante,|,1731,1772,1812,1752,1812,1830,1848,|,99,41,0,21
701,restaurante,|,1735,1736,1758,1755,1758,1764,1770,|,29,1,0,20
702,restaurante,|,1735,1736,1778,1753,1778,1784,1791,|,49,1,0,18
703,farmacia,|,1736,1737,1737,1738,1739,1758,1778,|,22,1,2,2
704,restaurante,|,1737,1738,1785,1768,1785,1794,1804,|,57,1,0,31
705,restaurante,|,1742,1743,1770,1787,1788,1806,1825,|,64,1,18,45
706,restaurante,|,1746,1746,1773,1788,1789,1807,1826,|,61,0,16,42
707,restaurante,|,1751,1752,1777,1756,1777,1782,1787,|,31,1,0,5
708,restaurante,|,1753,1754,1784,1782,1784,1792,1800,|,39,1,0,29
709,restaurante,|,1758,1759,1794,1798,1794,1809,1824,|,51,1,0,40
710,restaurante,|,1762,1794,1824,1780,1824,1831,1838,|,69,32,0,18
711,restaurante,|,1766,1784,1826,1781,1826,1833,1841,|,67,18,0,15
712,almacen,|,1767,1768,1768,1771,1772,1781,1791,|,14,1,4,4
713,almacen,|,1767,1768,1768,1778,1779,1797,1816,|,30,1,11,11
714,restaurante,|,1769,1773,1818,1792,1818,1824,1830,|,55,4,0,23
715,restaurante,|,1771,1772,1807,1794,1807,1812,1817,|,41,1,0,23
716,farmacia,|,1775,1776,1776,1779,1780,1799,1819,|,24,1,4,4
717,restaurante,|,1775,1776,1805,1825,1826,1844,1863,|,69,1,21,50
718,restaurante,|,1775,1776,1798,1818,1819,1836,1854,|,61,1,21,43
719,restaurante,|,1775,1776,1798,1795,1798,1803,1809,|,28,1,0,20
720,restaurante,|,1775,1776,1807,1805,1807,1814,1821,|,39,1,0,30
721,restaurante,|,1779,1807,1822,1793,1822,1831,1841,|,52,28,0,14
722,farmacia,|,1782,1783,1783,1785,1786,1791,1797,|,9,1,3,3
723,restaurante,|,1786,1787,1826,1827,1826,1844,1862,|,58,1,0,41
724,restaurante,|,1789,1790,1833,1810,1833,1838,1843,|,49,1,0,21
725,restaurante,|,1791,1792,1811,1817,1818,1831,1845,|,40,1,7,26
726,restaurante,|,1792,1793,1825,1806,1825,1830,1836,|,38,1,0,14
727,restaurante,|,1797,1818,1840,1814,1840,1854,1868,|,57,21,0,17
728,farmacia,|,1797,1798,1798,1801,1802,1807,1813,|,10,1,4,4
729,restaurante,|,1801,1825,1856,1822,1856,1872,1888,|,71,24,0,21
730,restaurante,|,1805,1826,1865,1820,1865,1877,1889,|,72,21,0,15
731,restaurante,|,1809,1810,1843,1842,1843,1861,1880,|,52,1,0,33
732,restaurante,|,1813,1814,1835,1831,1835,1841,1847,|,28,1,0,18
733,restaurante,|,1818,1819,1854,1837,1854,1860,1866,|,42,1,0,19
734,farmacia,|,1823,1824,1824,1826,1827,1842,1858,|,19,1,3,3
735,restaurante,|,1828,1833,1874,1844,1874,1887,1900,|,59,5,0,16
736,restaurante,|,1828,1829,1870,1848,1870,1886,1902,|,58,1,0,20
737,restaurante,|,1832,1833,1863,1839,1863,1870,1878,|,38,1,0,7
738,restaurante,|,1837,1856,1893,1843,1893,1899,1905,|,62,19,0,6
739,restaurante,|,1840,1841,1881,1869,1881,1900,1919,|,60,1,0,29
740,restaurante,|,1843,1844,1860,1849,1860,1880,1900,|,37,1,0,6
741,restaurante,|,1843,1854,1868,1846,1868,1875,1882,|,32,11,0,3
742,restaurante,|,1848,1865,1886,1855,1886,1904,1922,|,56,17,0,7
743,restaurante,|,1850,1851,1874,1881,1880,1895,1911,|,45,1,6,31
744,restaurante,|,1850,1851,1893,1859,1893,1899,1905,|,49,1,0,9
745,restaurante,|,1853,1874,1886,1863,1886,1892,1898,|,39,21,0,10
746,restaurante,|,1854,1855,1876,1867,1876,1884,1892,|,30,1,0,13
747,restaurante,|,1858,1881,1898,1864,1898,1903,1908,|,45,23,0,6
748,restaurante,|,1862,1863,1903,1889,1903,1920,1938,|,58,1,0,27
749,restaurante,|,1862,1919,1964,1879,1964,1971,1978,|,109,57,0,17
750,restaurante,|,1867,1868,1879,1883,1884,1896,1909,|,29,1,5,16
751,restaurante,|,1867,1874,1919,1906,1919,1936,1953,|,69,7,0,39
752,restaurante,|,1872,1873,1884,1893,1894,1903,1913,|,31,1,10,21
753,restaurante,|,1872,1886,1927,1890,1927,1941,1956,|,69,14,0,18
754,restaurante,|,1873,1874,1889,1903,1904,1917,1931,|,44,1,15,30
755,restaurante,|,1876,1877,1894,1902,1903,1913,1924,|,37,1,9,26
756,restaurante,|,1880,1881,1920,1921,1922,1938,1955,|,58,1,2,41
757,restaurante,|,1885,1886,1909,1899,1909,1916,1924,|,31,1,0,14
758,restaurante,|,1889,1964,1976,1909,1976,1996,2016,|,107,75,0,20
759,restaurante,|,1893,1893,1931,1907,1931,1940,1949,|,47,0,0,14
760,restaurante,|,1895,1897,1922,1912,1922,1928,1934,|,33,2,0,17
761,farmacia,|,1899,1900,1900,1901,1902,1910,1919,|,11,1,2,2
762,restaurante,|,1900,1901,1927,1923,1927,1938,1950,|,38,1,0,23
763,restaurante,|,1903,1976,2000,1920,2000,2009,2018,|,106,73,0,17
764,restaurante,|,1906,1907,1937,1924,1937,1945,1953,|,39,1,0,18
765,almacen,|,1909,1910,1910,1910,1910,1916,1923,|,7,1,0,1
766,almacen,|,1912,1913,1913,1914,1915,1920,1925,|,8,1,2,2
767,restaurante,|,1917,1918,1962,1935,1962,1979,1997,|,62,1,0,18
768,restaurante,|,1919,1919,1936,1926,1936,1948,1960,|,29,0,0,7
769,restaurante,|,1921,1922,1936,1932,1936,1952,1968,|,31,1,0,11
770,restaurante,|,1922,1937,1976,1927,1976,1987,1998,|,65,15,0,5
771,farmacia,|,1924,1925,1925,1925,1926,1940,1955,|,16,1,1,1
772,restaurante,|,1929,1930,1951,1955,1956,1962,1969,|,33,1,5,26
773,restaurante,|,1934,1935,1978,1957,1978,1992,2006,|,58,1,0,23
774,almacen,|,1934,1935,1935,1939,1940,1950,1961,|,16,1,5,5
775,farmacia,|,1937,1938,1938,1950,1951,1961,1972,|,24,1,13,13
776,farmacia,|,1938,1939,1939,1951,1951,1966,1981,|,28,1,12,13
777,farmacia,|,1939,1940,1940,1954,1955,1971,1988,|,32,1,15,15
778,restaurante,|,1939,1940,1970,1970,1971,1988,2006,|,49,1,1,31
779,restaurante,|,1943,1944,1955,1958,1957,1961,1966,|,18,1,2,15
780,restaurante,|,1943,1955,1984,1956,1984,1993,2003,|,50,12,0,13
781,restaurante,|,1948,1949,1994,1961,1994,2002,2010,|,54,1,0,13
782,restaurante,|,1949,1949,1990,1998,1999,2018,2038,|,69,0,9,49
783,restaurante,|,1949,1950,1987,1999,2000,2018,2037,|,69,1,13,50
784,restaurante,|,1951,1952,1981,1969,1981,1991,2001,|,40,1,0,18
785,restaurante,|,1952,1953,1964,1982,1983,2002,2022,|,50,1,19,30
786,restaurante,|,1956,1957,1982,1967,1982,1991,2000,|,35,1,0,11
787,restaurante,|,1956,1957,1986,2004,2005,2022,2040,|,66,1,19,48
788,farmacia,|,1961,1962,1962,1962,1962,1972,1983,|,11,1,0,1
789,restaurante,|,1964,1965,1997,2007,2008,2022,2037,|,58,1,11,43
790,restaurante,|,1969,1982,2022,1979,2022,2027,2032,|,58,13,0,10
791,restaurante,|,1969,1978,1992,1984,1992,2006,2020,|,37,9,0,15
792,farmacia,|,1970,1971,1971,1973,1974,1980,1987,|,10,1,3,3
793,restaurante,|,1972,1981,2003,1989,2003,2015,2027,|,43,9,0,17
794,restaurante,|,1976,1977,2002,2012,2013,2029,2046,|,53,1,11,36
795,restaurante,|,1978,1979,2019,2021,2020,2036,2053,|,58,1,1,43
796,restaurante,|,1979,2038,2079,2001,2079,2085,2092,|,106,59,0,22
797,farmacia,|,1984,1985,1985,1988,1989,2000,2011,|,16,1,4,4
798,restaurante,|,1988,2000,2038,2002,2038,2050,2062,|,62,12,0,14
799,restaurante,|,1988,1989,2006,2011,2012,2024,2037,|,36,1,6,23
800,restaurante,|,1993,1994,2009,2017,2009,2018,2027,|,25,1,0,24
801,restaurante,|,1994,2009,2036,2008,2036,2046,2056,|,52,15,0,14
802,restaurante,|,1998,1999,2021,2040,2041,2058,2076,|,60,1,20,42
803,restaurante,|,2003,2004,2015,2029,2030,2049,2069,|,46,1,15,26
804,restaurante,|,2006,2019,2058,2019,2058,2066,2075,|,60,13,0,13
805,restaurante,|,2009,2010,2021,2033,2034,2045,2057,|,36,1,13,24
806,restaurante,|,2014,2015,2054,2023,2054,2060,2067,|,46,1,0,9
807,restaurante,|,2015,2016,2055,2038,2055,2063,2071,|,48,1,0,23
808,restaurante,|,2020,2021,2062,2041,2062,2078,2094,|,58,1,0,21
809,almacen,|,2022,2023,2023,2028,2029,2034,2040,|,12,1,6,6
810,restaurante,|,2024,2025,2048,2054,2055,2072,2090,|,48,1,7,30
811,restaurante,|,2028,2029,2067,2077,2067,2085,2103,|,57,1,0,49
812,restaurante,|,2033,2036,2068,2042,2068,2078,2089,|,45,3,0,9
813,farmacia,|,2035,2036,2036,2039,2040,2058,2077,|,23,1,4,4
814,restaurante,|,2038,2083,2113,2063,2113,2132,2151,|,94,45,0,25
815,restaurante,|,2042,2043,2058,2047,2058,2067,2077,|,25,1,0,5
816,restaurante,|,2042,2043,2077,2043,2077,2081,2086,|,39,1,0,1
817,restaurante,|,2046,2067,2083,2058,2083,2091,2099,|,45,21,0,12
818,restaurante,|,2049,2050,2089,2076,2089,2095,2101,|,46,1,0,27
819,restaurante,|,2051,2052,2071,2070,2071,2080,2089,|,29,1,0,19
820,farmacia,|,2054,2055,2055,2057,2058,2069,2081,|,15,1,3,3
821,restaurante,|,2056,2057,2070,2078,2079,2095,2112,|,39,1,9,22
822,restaurante,|,2060,2061,2075,2083,2084,2101,2119,|,41,1,9,23
823,restaurante,|,2060,2061,2084,2079,2084,2094,2104,|,34,1,0,19
824,farmacia,|,2060,2061,2061,2068,2069,2075,2082,|,15,1,8,8
825,restaurante,|,2064,2065,2092,2087,2092,2101,2111,|,37,1,0,23
826,restaurante,|,2068,2084,2102,2082,2102,2112,2122,|,44,16,0,14
827,almacen,|,2069,2070,2070,2072,2073,2083,2094,|,14,1,3,3
828,restaurante,|,2072,2073,2102,2091,2102,2114,2127,|,42,1,0,19
829,restaurante,|,2077,2078,2113,2092,2113,2123,2133,|,46,1,0,15
830,restaurante,|,2082,2083,2119,2093,2119,2133,2148,|,51,1,0,11
831,farmacia,|,2087,2088,2088,2090,2091,2104,2118,|,17,1,3,3
832,restaurante,|,2092,2093,2133,2095,2133,2150,2167,|,58,1,0,3
833,restaurante,|,2096,2097,2118,2097,2118,2124,2130,|,28,1,0,1
834,restaurante,|,2101,2102,2143,2102,2143,2163,2183,|,62,1,0,1
835,restaurante,|,2103,2104,2150,2104,2150,2162,2174,|,59,1,0,1
836,restaurante,|,2106,2113,2124,2107,2124,2134,2144,|,28,7,0,1
837,restaurante,|,2108,2109,2146,2109,2146,2157,2168,|,49,1,0,1
838,restaurante,|,2111,2113,2151,2112,2151,2164,2177,|,53,2,0,1
839,restaurante,|,2115,2133,2146,2116,2146,2162,2179,|,47,18,0,1
840,restaurante,|,2116,2117,2128,2119,2128,2146,2165,|,30,1,0,3
841,almacen,|,2117,2118,2118,2120,2121,2129,2138,|,12,1,3,3
842,farmacia,|,2120,2121,2121,2123,2124,2134,2145,|,14,1,3,3
843,farmacia,|,2125,2126,2126,2128,2129,2134,2140,|,9,1,3,3
844,almacen,|,2125,2126,2126,2131,2132,2147,2163,|,22,1,6,6
845,restaurante,|,2129,2130,2155,2134,2155,2160,2165,|,31,1,0,5
846,restaurante,|,2129,2130,2141,2139,2141,2150,2160,|,21,1,0,10
847,restaurante,|,2130,2131,2148,2146,2148,2168,2188,|,38,1,0,16
848,restaurante,|,2133,2134,2178,2145,2178,2189,2201,|,56,1,0,12
849,almacen,|,2137,2138,2138,2141,2142,2151,2161,|,14,1,4,4
850,restaurante,|,2140,2141,2179,2164,2179,2193,2208,|,53,1,0,24
851,restaurante,|,2143,2146,2179,2152,2179,2190,2202,|,47,3,0,9
852,restaurante,|,2145,2146,2190,2149,2190,2196,2202,|,51,1,0,4
853,farmacia,|,2150,2151,2151,2161,2162,2170,2179,|,20,1,11,11
854,restaurante,|,2155,2156,2194,2168,2194,2213,2232,|,58,1,0,13
855,almacen,|,2157,2158,2158,2162,2163,2170,2178,|,13,1,5,5
856,restaurante,|,2161,2162,2195,2166,2195,2206,2218,|,45,1,0,5
857,farmacia,|,2165,2166,2166,2167,2168,2175,2183,|,10,1,2,2
858,restaurante,|,2169,2170,2183,2170,2183,2188,2193,|,19,1,0,1
859,restaurante,|,2170,2171,2206,2175,2206,2220,2234,|,50,1,0,5
860,restaurante,|,2170,2171,2212,2180,2212,2230,2248,|,60,1,0,10
861,almacen,|,2174,2175,2175,2178,2179,2197,2216,|,23,1,4,4
862,restaurante,|,2176,2183,2199,2194,2199,2214,2229,|,38,7,0,18
863,farmacia,|,2176,2177,2177,2179,2180,2186,2193,|,10,1,3,3
864,restaurante,|,2177,2206,2221,2181,2221,2228,2236,|,51,29,0,4
865,restaurante,|,2177,2178,2223,2184,2223,2235,2247,|,58,1,0,7
866,restaurante,|,2182,2183,2200,2185,2200,2210,2220,|,28,1,0,3
867,restaurante,|,2185,2194,2223,2189,2223,2236,2249,|,51,9,0,4
868,restaurante,|,2189,2212,2222,2195,2222,2242,2262,|,53,23,0,6
869,restaurante,|,2193,2194,2227,2202,2227,2246,2265,|,53,1,0,9
870,farmacia,|,2198,2199,2199,2203,2204,2221,2239,|,23,1,5,5
871,restaurante,|,2200,2201,2221,2219,2221,2239,2257,|,39,1,0,19
872,almacen,|,2200,2201,2201,2204,2205,2209,2214,|,9,1,4,4
873,almacen,|,2201,2202,2202,2209,2210,2229,2249,|,28,1,8,8
874,restaurante,|,2205,2206,2221,2233,2234,2244,2255,|,39,1,13,28
875,restaurante,|,2205,2206,2233,2230,2233,2239,2246,|,34,1,0,25
876,restaurante,|,2206,2222,2267,2221,2267,2274,2281,|,68,16,0,15
877,farmacia,|,2206,2207,2207,2215,2216,2226,2237,|,20,1,9,9
878,restaurante,|,2207,2208,2233,2240,2241,2258,2276,|,51,1,8,33
879,restaurante,|,2212,2213,2224,2250,2251,2262,2274,|,50,1,27,38
880,farmacia,|,2213,2214,2214,2217,2218,2226,2235,|,13,1,4,4
881,restaurante,|,2213,2214,2250,2260,2261,2277,2294,|,64,1,11,47
882,restaurante,|,2215,2221,2239,2236,2239,2253,2267,|,38,6,0,21
883,restaurante,|,2217,2223,2258,2237,2258,2264,2271,|,47,6,0,20
884,restaurante,|,2218,2219,2240,2266,2267,2283,2300,|,65,1,27,48
885,restaurante,|,2223,2224,2259,2272,2259,2275,2291,|,52,1,0,49
886,restaurante,|,2226,2259,2284,2238,2284,2294,2304,|,68,33,0,12
887,restaurante,|,2228,2229,2256,2275,2264,2280,2297,|,52,1,8,47
888,almacen,|,2228,2229,2229,2235,2236,2244,2253,|,16,1,7,7
889,restaurante,|,2229,2230,2259,2251,2259,2268,2277,|,39,1,0,22
890,restaurante,|,2231,2232,2247,2247,2248,2253,2259,|,22,1,1,16
891,restaurante,|,2231,2232,2269,2254,2269,2283,2297,|,52,1,0,23
892,restaurante,|,2234,2259,2278,2249,2278,2287,2297,|,53,25,0,15
893,restaurante,|,2236,2237,2255,2278,2269,2284,2300,|,48,1,14,42
894,restaurante,|,2240,2256,2298,2263,2298,2310,2322,|,70,16,0,23
895,restaurante,|,2242,2243,2256,2276,2277,2292,2308,|,50,1,21,34
896,almacen,|,2244,2245,2245,2248,2249,2268,2288,|,24,1,4,4
897,restaurante,|,2247,2248,2262,2279,2280,2294,2309,|,47,1,18,32
898,restaurante,|,2249,2255,2280,2268,2280,2291,2302,|,42,6,0,19
899,farmacia,|,2252,2253,2253,2256,2256,2267,2278,|,15,1,3,4
900,farmacia,|,2255,2256,2256,2258,2259,2266,2274,|,11,1,3,3
901,restaurante,|,2258,2259,2286,2277,2286,2295,2304,|,37,1,0,19
902,restaurante,|,2261,2262,2282,2282,2283,2292,2302,|,31,1,1,21
903,restaurante,|,2266,2267,2306,2292,2306,2320,2334,|,54,1,0,26
904,restaurante,|,2271,2272,2293,2300,2301,2317,2334,|,46,1,8,29
905,restaurante,|,2274,2298,2310,2289,2310,2320,2331,|,46,24,0,15
906,restaurante,|,2276,2277,2321,2305,2321,2340,2359,|,64,1,0,29
907,restaurante,|,2278,2279,2309,2302,2309,2322,2336,|,44,1,0,24
908,restaurante,|,2282,2286,2296,2295,2296,2301,2306,|,19,4,0,13
909,restaurante,|,2284,2285,2301,2298,2301,2305,2310,|,21,1,0,14
910,restaurante,|,2288,2296,2311,2303,2311,2321,2332,|,33,8,0,15
911,restaurante,|,2290,2291,2334,2306,2334,2343,2353,|,53,1,0,16
912,restaurante,|,2292,2293,2337,2304,2337,2343,2350,|,51,1,0,12
913,almacen,|,2296,2297,2297,2299,2300,2315,2331,|,19,1,3,3
914,almacen,|,2300,2301,2301,2301,2302,2318,2335,|,18,1,1,1
915,restaurante,|,2305,2306,2340,2309,2340,2354,2368,|,49,1,0,4
916,restaurante,|,2306,2307,2341,2323,2341,2360,2379,|,54,1,0,17
917,restaurante,|,2306,2307,2346,2310,2346,2360,2374,|,54,1,0,4
918,restaurante,|,2306,2346,2376,2307,2376,2382,2388,|,76,40,0,1
919,restaurante,|,2310,2311,2334,2311,2334,2349,2365,|,39,1,0,1
920,restaurante,|,2315,2316,2347,2332,2347,2358,2369,|,43,1,0,17
921,restaurante,|,2317,2318,2361,2337,2361,2380,2399,|,63,1,0,20
922,restaurante,|,2322,2361,2394,2335,2394,2407,2420,|,85,39,0,13
923,almacen,|,2325,2326,2326,2333,2334,2348,2363,|,23,1,8,8
924,restaurante,|,2325,2326,2356,2354,2356,2368,2380,|,43,1,0,29
925,restaurante,|,2325,2326,2345,2369,2370,2382,2395,|,57,1,25,44
926,restaurante,|,2326,2356,2376,2351,2376,2386,2396,|,60,30,0,25
927,almacen,|,2330,2331,2331,2334,2335,2352,2370,|,22,1,4,4
928,restaurante,|,2333,2334,2353,2390,2391,2410,2430,|,77,1,38,57
929,restaurante,|,2334,2335,2363,2391,2392,2407,2423,|,73,1,29,57
930,restaurante,|,2334,2385,2411,2336,2411,2420,2429,|,86,51,0,2
931,restaurante,|,2337,2376,2405,2360,2405,2418,2431,|,81,39,0,23
932,farmacia,|,2337,2338,2338,2338,2338,2354,2370,|,17,1,0,1
933,restaurante,|,2338,2347,2385,2372,2385,2393,2401,|,55,9,0,34
934,restaurante,|,2343,2344,2381,2397,2398,2408,2419,|,65,1,17,54
935,restaurante,|,2344,2345,2373,2398,2376,2392,2409,|,48,1,3,54
936,restaurante,|,2344,2345,2384,2380,2384,2391,2398,|,47,1,0,36
937,restaurante,|,2349,2350,2372,2399,2390,2394,2399,|,45,1,18,50
938,restaurante,|,2351,2373,2413,2375,2413,2425,2437,|,74,22,0,24
939,farmacia,|,2355,2356,2356,2364,2365,2370,2376,|,15,1,9,9
940,restaurante,|,2355,2413,2425,2381,2425,2431,2437,|,76,58,0,26
941,almacen,|,2356,2357,2357,2370,2371,2379,2388,|,23,1,14,14
942,restaurante,|,2360,2372,2389,2389,2400,2412,2425,|,52,12,11,29
943,farmacia,|,2364,2365,2365,2366,2367,2374,2382,|,10,1,2,2
944,almacen,|,2368,2369,2369,2377,2378,2387,2397,|,19,1,9,9
945,farmacia,|,2370,2371,2371,2371,2371,2380,2389,|,10,1,0,1
946,restaurante,|,2375,2376,2400,2400,2401,2408,2416,|,33,1,1,25
947,restaurante,|,2378,2379,2400,2401,2402,2407,2413,|,29,1,2,23
948,almacen,|,2378,2379,2379,2396,2397,2403,2410,|,25,1,18,18
949,restaurante,|,2380,2384,2406,2421,2422,2436,2451,|,56,4,16,41
950,farmacia,|,2380,2381,2381,2383,2383,2398,2413,|,18,1,2,3
951,restaurante,|,2380,2381,2393,2402,2403,2416,2430,|,36,1,10,22
952,restaurante,|,2385,2386,2397,2424,2425,2442,2460,|,57,1,28,39
953,restaurante,|,2390,2391,2420,2433,2420,2439,2459,|,49,1,0,43
954,restaurante,|,2394,2395,2427,2417,2427,2441,2455,|,47,1,0,23
955,restaurante,|,2395,2396,2416,2420,2416,2424,2432,|,29,1,0,25
956,restaurante,|,2395,2420,2450,2411,2450,2459,2468,|,64,25,0,16
957,restaurante,|,2398,2399,2442,2447,2442,2458,2474,|,60,1,0,49
958,restaurante,|,2399,2430,2466,2414,2466,2474,2482,|,75,31,0,15
959,restaurante,|,2401,2402,2419,2410,2419,2424,2429,|,23,1,0,9
960,restaurante,|,2405,2411,2438,2461,2461,2478,2496,|,73,6,23,56
961,restaurante,|,2409,2410,2448,2426,2448,2457,2466,|,48,1,0,17
962,restaurante,|,2409,2416,2430,2430,2430,2444,2458,|,35,7,0,21
963,almacen,|,2413,2414,2414,2415,2416,2426,2437,|,13,1,2,2
964,restaurante,|,2417,2418,2450,2440,2450,2459,2468,|,42,1,0,23
965,restaurante,|,2420,2421,2448,2439,2448,2453,2458,|,33,1,0,19
966,restaurante,|,2420,2425,2460,2435,2460,2473,2486,|,53,5,0,15
967,restaurante,|,2421,2448,2465,2456,2465,2483,2501,|,62,27,0,35
968,restaurante,|,2423,2442,2453,2438,2453,2470,2488,|,47,19,0,15
969,farmacia,|,2428,2429,2429,2431,2432,2441,2451,|,13,1,3,3
970,farmacia,|,2429,2430,2430,2432,2433,2439,2446,|,10,1,3,3
971,restaurante,|,2429,2430,2457,2463,2464,2483,2503,|,54,1,7,34
972,restaurante,|,2432,2433,2446,2434,2446,2453,2460,|,21,1,0,2
973,restaurante,|,2435,2460,2479,2459,2479,2491,2503,|,56,25,0,24
974,restaurante,|,2436,2438,2471,2460,2471,2481,2491,|,45,2,0,24
975,restaurante,|,2441,2442,2476,2469,2476,2495,2514,|,54,1,0,28
976,farmacia,|,2445,2446,2446,2452,2453,2467,2482,|,22,1,7,7
977,farmacia,|,2446,2447,2447,2453,2454,2460,2467,|,14,1,7,7
978,restaurante,|,2450,2451,2481,2462,2481,2488,2495,|,38,1,0,12
979,restaurante,|,2454,2455,2478,2470,2478,2491,2504,|,37,1,0,16
980,restaurante,|,2454,2455,2472,2483,2484,2502,2521,|,48,1,12,29
981,restaurante,|,2459,2465,2498,2468,2498,2504,2510,|,45,6,0,9
982,almacen,|,2463,2464,2464,2467,2468,2483,2499,|,20,1,4,4
983,restaurante,|,2465,2466,2488,2475,2488,2498,2508,|,33,1,0,10
984,restaurante,|,2470,2506,2530,2492,2530,2549,2568,|,79,36,0,22
985,restaurante,|,2474,2475,2491,2484,2491,2509,2527,|,35,1,0,10
986,restaurante,|,2478,2479,2503,2500,2503,2520,2537,|,42,1,0,22
987,restaurante,|,2478,2479,2492,2497,2498,2507,2517,|,29,1,6,19
988,restaurante,|,2482,2488,2506,2487,2506,2512,2520,|,30,6,0,5
989,restaurante,|,2483,2484,2529,2501,2529,2542,2555,|,59,1,0,18
990,almacen,|,2487,2488,2488,2489,2490,2494,2499,|,7,1,2,2
991,restaurante,|,2489,2490,2529,2496,2529,2537,2545,|,48,1,0,7
992,restaurante,|,2490,2491,2536,2511,2536,2552,2568,|,62,1,0,21
993,restaurante,|,2491,2492,2524,2518,2524,2539,2554,|,48,1,0,27
994,restaurante,|,2496,2497,2541,2502,2541,2553,2565,|,57,1,0,6
995,restaurante,|,2497,2498,2517,2515,2517,2536,2555,|,39,1,0,18
996,restaurante,|,2499,2536,2571,2504,2571,2584,2597,|,85,37,0,5
997,farmacia,|,2503,2504,2504,2505,2506,2522,2539,|,19,1,2,2
998,restaurante,|,2503,2504,2533,2509,2533,2541,2549,|,38,1,0,6
999,farmacia,|,2503,2504,2504,2506,2507,2525,2544,|,22,1,3,3
