ID,Tipo de Comercio,|,Ingreso,Inicio Elaboración,Fin Elaboración,Asignación de repartidor,Inicio Envio,Fin Envio,Repartidor Listo,|,Demora total del Pedido,Retraso de comienzo de elaboración,Espera con pedido elaborado,Tiempo para asignar repartidor
0,restaurante,|,2,3,37,3,37,50,64,|,48,1,0,1
1,restaurante,|,5,6,46,6,46,57,69,|,52,1,0,1
2,almacen,|,7,8,8,8,8,21,34,|,14,1,0,1
3,restaurante,|,12,13,31,14,31,50,70,|,38,1,0,2
4,farmacia,|,12,13,13,13,13,32,51,|,20,1,0,1
5,restaurante,|,14,15,47,15,47,65,83,|,51,1,0,1
6,restaurante,|,19,37,58,20,58,78,98,|,59,18,0,1
7,restaurante,|,20,21,35,21,35,40,45,|,20,1,0,1
8,restaurante,|,21,22,42,22,42,51,60,|,30,1,0,1
9,restaurante,|,26,27,40,27,40,50,61,|,24,1,0,1
10,restaurante,|,30,31,57,31,57,63,69,|,33,1,0,1
11,restaurante,|,31,32,63,32,63,78,93,|,47,1,0,1
12,restaurante,|,36,37,75,38,75,95,115,|,59,1,0,2
13,restaurante,|,36,63,104,37,104,114,124,|,78,27,0,1
14,restaurante,|,39,58,98,40,98,114,130,|,75,19,0,1
15,restaurante,|,40,46,91,41,91,98,105,|,58,6,0,1
16,almacen,|,42,43,43,46,47,65,84,|,23,1,4,4
17,restaurante,|,44,45,59,52,59,71,83,|,27,1,0,8
18,restaurante,|,46,75,104,62,104,110,116,|,64,29,0,16
19,restaurante,|,46,47,82,65,82,91,100,|,45,1,0,19
20,almacen,|,50,51,51,61,62,67,73,|,17,1,11,11
21,restaurante,|,52,57,76,72,76,91,106,|,39,5,0,20
22,restaurante,|,54,55,73,71,73,79,85,|,25,1,0,17
23,restaurante,|,59,60,85,87,88,106,125,|,47,1,3,28
24,restaurante,|,60,61,93,106,107,121,136,|,61,1,14,46
25,almacen,|,65,66,66,70,71,75,80,|,10,1,5,5
26,restaurante,|,67,68,103,74,103,109,115,|,42,1,0,7
27,restaurante,|,67,76,106,81,106,111,116,|,44,9,0,14
28,restaurante,|,69,98,128,101,128,148,168,|,79,29,0,32
29,restaurante,|,72,122,157,85,157,162,167,|,90,50,0,13
30,restaurante,|,74,75,95,84,95,101,108,|,27,1,0,10
31,restaurante,|,77,91,120,86,120,129,138,|,52,14,0,9
32,restaurante,|,79,104,122,99,122,133,144,|,54,25,0,20
33,restaurante,|,82,83,107,126,127,145,164,|,63,1,20,44
34,restaurante,|,85,86,96,116,117,132,148,|,47,1,21,31
35,almacen,|,87,88,88,94,95,112,130,|,25,1,7,7
36,restaurante,|,92,128,156,107,156,169,183,|,77,36,0,15
37,restaurante,|,95,106,138,118,138,156,174,|,61,11,0,23
38,restaurante,|,99,100,121,128,129,144,160,|,45,1,8,29
39,restaurante,|,102,103,146,109,146,153,160,|,51,1,0,7
40,restaurante,|,107,108,132,131,132,141,151,|,34,1,0,24
41,restaurante,|,109,110,143,137,143,157,171,|,48,1,0,28
42,restaurante,|,112,157,187,125,187,193,199,|,81,45,0,13
43,almacen,|,116,117,117,117,118,122,127,|,6,1,1,1
44,restaurante,|,116,117,133,119,133,140,147,|,24,1,0,3
45,restaurante,|,120,121,143,139,143,154,165,|,34,1,0,19
46,restaurante,|,125,126,139,152,150,166,182,|,41,1,11,27
47,farmacia,|,130,131,131,132,133,151,170,|,21,1,2,2
48,restaurante,|,135,139,150,149,153,171,190,|,36,4,3,14
49,almacen,|,139,140,140,145,146,162,179,|,23,1,6,6
50,restaurante,|,142,143,167,162,167,178,189,|,36,1,0,20
51,restaurante,|,143,233,248,159,248,255,262,|,112,90,0,16
52,almacen,|,144,145,145,148,149,153,158,|,9,1,4,4
53,restaurante,|,149,187,233,165,233,243,253,|,94,38,0,16
54,restaurante,|,152,153,172,175,176,195,215,|,43,1,4,23
55,restaurante,|,152,153,187,169,187,201,215,|,49,1,0,17
56,farmacia,|,154,155,155,161,162,179,197,|,25,1,7,7
57,restaurante,|,159,160,194,166,194,199,204,|,40,1,0,7
58,restaurante,|,163,164,191,168,191,198,206,|,35,1,0,5
59,restaurante,|,168,169,189,172,189,201,213,|,33,1,0,4
60,almacen,|,169,169,169,171,172,191,211,|,22,0,3,2
61,almacen,|,174,174,174,180,181,192,204,|,18,0,7,6
62,restaurante,|,176,177,216,183,216,224,233,|,48,1,0,7
63,restaurante,|,181,182,210,190,210,215,221,|,34,1,0,9
64,almacen,|,181,182,182,184,185,190,196,|,9,1,3,3
65,restaurante,|,184,185,218,191,218,232,246,|,48,1,0,7
66,restaurante,|,189,190,211,197,211,215,220,|,26,1,0,8
67,restaurante,|,192,193,218,200,218,231,244,|,39,1,0,8
68,almacen,|,196,197,197,198,199,216,234,|,20,1,2,2
69,restaurante,|,196,281,308,212,308,328,348,|,132,85,0,16
70,restaurante,|,197,198,212,207,212,231,251,|,34,1,0,10
71,farmacia,|,199,200,200,205,206,216,227,|,17,1,6,6
72,almacen,|,204,205,205,206,207,221,236,|,17,1,2,2
73,restaurante,|,205,248,281,216,281,297,314,|,92,43,0,11
74,farmacia,|,208,209,209,214,215,234,254,|,26,1,6,6
75,restaurante,|,213,214,250,221,250,263,276,|,50,1,0,8
76,restaurante,|,213,214,233,222,233,252,271,|,39,1,0,9
77,restaurante,|,213,214,252,217,252,256,261,|,43,1,0,4
78,restaurante,|,216,218,259,234,259,274,289,|,58,2,0,18
79,restaurante,|,216,217,255,247,255,270,286,|,54,1,0,31
80,restaurante,|,220,221,261,228,261,270,279,|,50,1,0,8
81,restaurante,|,223,224,255,262,263,280,298,|,57,1,8,39
82,restaurante,|,226,250,294,235,294,299,305,|,73,24,0,9
83,restaurante,|,230,231,269,245,269,281,293,|,51,1,0,15
84,restaurante,|,234,234,277,263,277,288,300,|,54,0,0,29
85,farmacia,|,235,236,236,237,238,255,273,|,20,1,2,2
86,restaurante,|,240,241,260,252,260,269,278,|,29,1,0,12
87,restaurante,|,242,261,298,274,298,310,322,|,68,19,0,32
88,restaurante,|,245,246,278,279,280,294,309,|,49,1,2,34
89,restaurante,|,246,246,288,281,288,307,326,|,61,0,0,35
90,restaurante,|,250,251,269,275,276,280,285,|,30,1,7,25
91,farmacia,|,250,251,251,254,255,264,274,|,14,1,4,4
92,restaurante,|,254,260,282,286,287,302,319,|,48,6,5,32
93,almacen,|,254,255,255,255,255,267,280,|,13,1,0,1
94,restaurante,|,259,260,289,287,289,307,325,|,48,1,0,28
95,almacen,|,260,261,261,272,273,287,302,|,27,1,12,12
96,restaurante,|,265,266,277,277,278,286,295,|,21,1,1,12
97,restaurante,|,266,267,299,290,299,312,325,|,46,1,0,24
98,restaurante,|,268,308,334,294,334,350,367,|,82,40,0,26
99,restaurante,|,270,309,349,280,349,355,362,|,85,39,0,10
100,restaurante,|,275,289,332,299,332,350,369,|,75,14,0,24
101,restaurante,|,280,281,320,326,327,343,360,|,63,1,7,46
102,restaurante,|,284,334,380,296,380,389,398,|,105,50,0,12
103,restaurante,|,286,287,317,306,317,326,335,|,40,1,0,20
104,restaurante,|,288,289,307,315,316,335,355,|,47,1,9,27
105,restaurante,|,288,299,309,303,309,322,335,|,34,11,0,15
106,restaurante,|,293,294,326,327,328,346,365,|,53,1,2,34
107,farmacia,|,298,299,299,301,302,311,324,|,13,1,3,3
108,restaurante,|,301,301,322,325,326,339,353,|,38,0,4,24
109,restaurante,|,302,349,361,310,361,368,376,|,66,47,0,8
110,restaurante,|,307,308,319,320,321,325,330,|,18,1,2,13
111,restaurante,|,309,380,412,336,412,431,450,|,122,71,0,27
112,restaurante,|,313,314,345,337,345,360,375,|,47,1,0,24
113,restaurante,|,317,318,348,349,350,368,387,|,51,1,2,32
114,farmacia,|,318,319,319,323,324,328,333,|,10,1,5,5
115,restaurante,|,319,320,331,367,368,381,395,|,62,1,37,48
116,restaurante,|,319,320,348,328,348,357,366,|,38,1,0,9
117,restaurante,|,324,325,350,368,369,381,394,|,57,1,19,44
118,farmacia,|,328,329,329,331,332,346,361,|,18,1,3,3
119,restaurante,|,328,329,341,361,362,373,385,|,45,1,21,33
120,almacen,|,328,329,329,334,336,350,365,|,22,1,7,6
121,restaurante,|,331,332,375,362,375,381,387,|,50,1,0,31
122,restaurante,|,332,345,374,369,374,391,408,|,59,13,0,37
123,restaurante,|,337,338,365,366,367,378,390,|,41,1,2,29
124,farmacia,|,339,340,340,354,355,370,386,|,31,1,15,15
125,restaurante,|,344,345,380,386,387,404,422,|,60,1,7,42
126,restaurante,|,346,347,373,377,378,393,409,|,47,1,5,31
127,restaurante,|,350,351,381,370,381,389,397,|,39,1,0,20
128,farmacia,|,353,354,354,356,357,371,386,|,18,1,3,3
129,almacen,|,357,358,358,363,364,378,392,|,21,1,6,6
130,restaurante,|,359,374,403,376,403,416,429,|,57,15,0,17
131,restaurante,|,359,360,380,395,396,410,425,|,51,1,16,36
132,restaurante,|,362,381,409,387,409,424,440,|,62,19,0,25
133,restaurante,|,364,365,389,393,394,408,423,|,44,1,5,29
134,restaurante,|,368,369,379,388,389,400,412,|,32,1,10,20
135,restaurante,|,372,373,388,398,399,416,434,|,44,1,11,26
136,restaurante,|,377,378,402,396,402,415,428,|,38,1,0,19
137,restaurante,|,378,380,406,426,427,445,464,|,67,2,21,48
138,restaurante,|,382,383,394,391,394,401,408,|,19,1,0,9
139,restaurante,|,385,386,398,435,436,451,467,|,66,1,38,50
140,restaurante,|,385,386,403,390,403,412,421,|,27,1,0,5
141,restaurante,|,386,412,442,414,442,459,476,|,73,26,0,28
142,almacen,|,388,389,389,389,389,401,413,|,13,1,0,1
143,restaurante,|,393,442,481,422,481,501,521,|,108,49,0,29
144,restaurante,|,397,398,436,399,436,442,449,|,45,1,0,2
145,restaurante,|,397,398,437,409,437,446,455,|,49,1,0,12
146,farmacia,|,401,402,402,410,411,428,446,|,27,1,9,9
147,restaurante,|,405,406,442,429,442,447,452,|,42,1,0,24
148,almacen,|,410,411,411,411,411,427,444,|,17,1,0,1
149,almacen,|,410,411,411,413,414,424,435,|,14,1,3,3
150,almacen,|,415,416,416,424,425,437,450,|,22,1,9,9
151,restaurante,|,417,418,436,450,448,465,483,|,48,1,12,33
152,farmacia,|,420,421,421,423,424,434,445,|,14,1,3,3
153,restaurante,|,420,421,439,446,447,457,468,|,37,1,8,26
154,restaurante,|,421,422,445,436,445,449,454,|,28,1,0,15
155,restaurante,|,425,426,461,459,461,480,499,|,55,1,0,34
156,almacen,|,428,429,429,430,431,444,458,|,16,1,2,2
157,restaurante,|,428,429,465,455,465,479,494,|,51,1,0,27
158,restaurante,|,429,436,479,447,479,490,501,|,61,7,0,18
159,restaurante,|,430,431,460,445,460,465,470,|,35,1,0,15
160,restaurante,|,433,434,473,463,473,487,502,|,54,1,0,30
161,restaurante,|,433,434,444,441,444,453,462,|,20,1,0,8
162,restaurante,|,438,439,463,452,463,467,472,|,29,1,0,14
163,restaurante,|,442,443,458,468,469,478,488,|,36,1,11,26
164,restaurante,|,446,481,522,453,522,530,538,|,84,35,0,7
165,restaurante,|,450,465,502,473,502,511,521,|,61,15,0,23
166,almacen,|,450,451,451,451,451,468,485,|,18,1,0,1
167,farmacia,|,455,456,456,456,456,465,474,|,10,1,0,1
168,restaurante,|,455,456,495,471,495,500,506,|,45,1,0,16
169,restaurante,|,459,460,478,476,478,491,504,|,32,1,0,17
170,restaurante,|,459,460,473,495,496,515,535,|,56,1,23,36
171,farmacia,|,461,462,462,465,465,469,474,|,8,1,3,4
172,restaurante,|,466,467,498,489,498,512,527,|,46,1,0,23
173,almacen,|,468,469,469,469,470,483,497,|,15,1,1,1
174,restaurante,|,471,479,506,475,506,512,518,|,41,8,0,4
175,restaurante,|,476,477,492,477,492,503,514,|,27,1,0,1
176,almacen,|,477,478,478,484,485,496,508,|,19,1,7,7
177,farmacia,|,479,480,480,486,487,498,510,|,19,1,7,7
178,restaurante,|,483,484,517,500,517,522,527,|,39,1,0,17
179,restaurante,|,483,484,513,509,513,530,547,|,47,1,0,26
180,restaurante,|,487,488,513,505,513,524,535,|,37,1,0,18
181,farmacia,|,492,493,493,498,499,515,532,|,23,1,6,6
182,restaurante,|,495,495,515,502,515,523,532,|,28,0,0,7
183,restaurante,|,500,522,557,519,557,577,597,|,77,22,0,19
184,farmacia,|,501,502,502,503,504,509,515,|,8,1,2,2
185,restaurante,|,502,503,539,511,539,544,549,|,42,1,0,9
186,almacen,|,505,506,506,507,508,515,523,|,10,1,2,2
187,restaurante,|,510,539,574,516,574,583,592,|,73,29,0,6
188,farmacia,|,511,512,512,515,516,524,533,|,13,1,4,4
189,restaurante,|,513,514,557,528,557,573,589,|,60,1,0,15
190,restaurante,|,514,515,542,523,542,554,567,|,40,1,0,9
191,restaurante,|,517,518,544,522,544,553,562,|,36,1,0,5
192,restaurante,|,521,522,545,524,545,562,579,|,41,1,0,3
193,restaurante,|,525,544,563,529,563,568,573,|,43,19,0,4
194,restaurante,|,527,563,578,533,578,592,606,|,65,36,0,6
195,restaurante,|,530,557,576,534,576,586,596,|,56,27,0,4
196,restaurante,|,535,536,580,536,580,587,595,|,52,1,0,1
197,farmacia,|,540,541,541,541,541,550,560,|,10,1,0,1
198,almacen,|,540,541,541,542,543,553,564,|,13,1,2,2
199,restaurante,|,540,541,559,543,559,571,583,|,31,1,0,3
200,farmacia,|,545,546,546,548,549,567,586,|,22,1,3,3
201,restaurante,|,548,549,564,550,564,573,582,|,25,1,0,2
202,restaurante,|,552,578,620,561,620,631,643,|,79,26,0,9
203,farmacia,|,554,555,555,563,564,582,601,|,28,1,9,9
204,restaurante,|,559,560,596,565,596,612,629,|,53,1,0,6
205,restaurante,|,561,562,607,568,607,615,623,|,54,1,0,7
206,restaurante,|,562,574,585,574,585,602,619,|,40,12,0,12
207,restaurante,|,565,585,616,587,616,632,648,|,67,20,0,22
208,restaurante,|,568,569,596,583,596,609,623,|,41,1,0,15
209,restaurante,|,570,571,613,590,613,623,633,|,53,1,0,20
210,almacen,|,572,573,573,580,581,585,590,|,13,1,8,8
211,restaurante,|,577,578,594,584,594,599,604,|,22,1,0,7
212,restaurante,|,581,616,660,593,660,676,692,|,95,35,0,12
213,restaurante,|,584,607,635,596,635,651,668,|,67,23,0,12
214,farmacia,|,589,590,590,591,592,599,607,|,10,1,2,2
215,restaurante,|,594,595,636,597,636,656,676,|,62,1,0,3
216,almacen,|,598,599,599,599,599,616,634,|,18,1,0,1
217,restaurante,|,599,600,613,602,613,630,647,|,31,1,0,3
218,restaurante,|,604,605,628,605,628,639,650,|,35,1,0,1
219,restaurante,|,608,609,624,620,624,638,653,|,30,1,0,12
220,restaurante,|,608,609,634,609,634,642,651,|,34,1,0,1
221,restaurante,|,608,609,641,610,641,653,666,|,45,1,0,2
222,farmacia,|,612,613,613,624,625,644,664,|,32,1,12,12
223,restaurante,|,615,628,672,625,672,685,698,|,70,13,0,10
224,restaurante,|,620,621,632,630,632,640,648,|,20,1,0,10
225,restaurante,|,624,625,671,634,671,687,703,|,63,1,0,10
226,restaurante,|,627,671,695,635,695,705,715,|,78,44,0,8
227,restaurante,|,632,660,688,644,688,702,716,|,70,28,0,12
228,restaurante,|,636,638,675,648,675,689,703,|,53,2,0,12
229,restaurante,|,637,638,675,650,675,683,691,|,46,1,0,13
230,restaurante,|,641,642,682,651,682,690,699,|,49,1,0,10
231,restaurante,|,642,695,714,649,714,722,731,|,80,53,0,7
232,restaurante,|,647,648,691,652,691,702,713,|,55,1,0,5
233,farmacia,|,652,653,653,654,655,673,692,|,21,1,2,2
234,restaurante,|,652,653,697,665,697,714,731,|,62,1,0,13
235,restaurante,|,653,653,676,693,694,713,733,|,60,0,18,40
236,restaurante,|,655,656,683,669,683,692,701,|,37,1,0,14
237,restaurante,|,660,661,694,677,694,704,714,|,44,1,0,17
238,farmacia,|,662,663,663,667,668,684,701,|,22,1,5,5
239,restaurante,|,666,667,681,714,715,729,744,|,63,1,34,48
240,restaurante,|,669,688,727,703,727,742,758,|,73,19,0,34
241,restaurante,|,671,673,709,694,709,719,729,|,48,2,0,23
242,almacen,|,672,673,673,692,693,705,718,|,33,1,20,20
243,restaurante,|,675,676,703,704,705,714,724,|,39,1,2,29
244,restaurante,|,678,679,712,725,725,740,756,|,62,1,13,47
245,restaurante,|,681,694,713,699,713,722,731,|,41,13,0,18
246,restaurante,|,686,687,727,705,727,732,738,|,46,1,0,19
247,restaurante,|,689,691,700,733,734,746,759,|,57,2,34,44
248,restaurante,|,694,695,706,717,717,727,738,|,33,1,11,23
249,almacen,|,698,699,699,700,700,717,734,|,19,1,1,2
250,almacen,|,698,700,700,702,703,714,726,|,16,2,3,4
251,restaurante,|,700,706,728,716,728,735,742,|,35,6,0,16
252,restaurante,|,703,704,733,740,741,757,773,|,54,1,8,37
253,restaurante,|,705,764,775,719,775,789,803,|,84,59,0,14
254,restaurante,|,709,727,764,732,764,777,790,|,68,18,0,23
255,restaurante,|,709,727,758,734,758,773,788,|,64,18,0,25
256,farmacia,|,713,714,714,715,716,734,753,|,21,1,2,2
257,restaurante,|,713,714,735,736,737,754,771,|,41,1,2,23
258,restaurante,|,718,719,740,735,740,744,749,|,26,1,0,17
259,almacen,|,722,723,723,727,728,738,749,|,16,1,5,5
260,farmacia,|,726,727,727,730,731,745,760,|,19,1,4,4
261,restaurante,|,729,730,764,757,764,781,798,|,52,1,0,28
262,restaurante,|,731,732,742,750,750,769,788,|,38,1,8,19
263,restaurante,|,734,735,755,739,755,760,765,|,26,1,0,5
264,restaurante,|,739,758,799,743,799,810,821,|,71,19,0,4
265,almacen,|,743,744,744,745,746,762,779,|,19,1,2,2
266,restaurante,|,745,746,781,751,781,787,793,|,42,1,0,6
267,restaurante,|,748,748,779,760,779,792,805,|,44,0,0,12
268,restaurante,|,748,749,792,775,792,804,816,|,56,1,0,27
269,almacen,|,751,752,752,754,755,764,774,|,13,1,3,3
270,restaurante,|,753,753,775,759,775,789,803,|,36,0,0,6
271,restaurante,|,753,753,774,780,781,791,801,|,38,0,7,27
272,restaurante,|,756,757,780,785,786,801,817,|,45,1,6,29
273,restaurante,|,759,760,806,772,806,813,821,|,54,1,0,13
274,restaurante,|,759,760,779,761,779,787,795,|,28,1,0,2
275,farmacia,|,761,762,762,766,767,782,798,|,21,1,5,5
276,restaurante,|,762,764,795,790,795,807,819,|,45,2,0,28
277,restaurante,|,767,768,789,799,789,808,827,|,41,1,0,32
278,restaurante,|,769,789,824,789,824,836,849,|,67,20,0,20
279,restaurante,|,769,770,784,796,797,809,822,|,40,1,13,27
280,almacen,|,772,773,773,774,775,779,784,|,7,1,2,2
281,restaurante,|,773,775,813,817,813,832,851,|,59,2,0,44
282,restaurante,|,775,776,791,802,803,815,828,|,40,1,12,27
283,restaurante,|,775,799,845,800,845,864,883,|,89,24,0,25
284,restaurante,|,779,813,825,791,825,831,838,|,52,34,0,12
285,restaurante,|,784,785,816,822,823,840,858,|,56,1,7,38
286,restaurante,|,789,789,834,806,834,843,852,|,54,0,0,17
287,almacen,|,791,792,792,794,795,809,824,|,18,1,3,3
288,restaurante,|,794,795,810,804,810,817,824,|,23,1,0,10
289,restaurante,|,794,795,813,818,819,827,836,|,33,1,6,24
290,restaurante,|,799,800,815,820,821,830,840,|,31,1,6,21
291,restaurante,|,799,800,833,826,833,848,863,|,49,1,0,27
292,restaurante,|,801,845,879,823,879,893,908,|,92,44,0,22
293,restaurante,|,803,804,817,805,817,825,834,|,22,1,0,2
294,restaurante,|,807,810,845,828,845,861,877,|,54,3,0,21
295,restaurante,|,809,810,851,824,851,855,860,|,46,1,0,15
296,restaurante,|,812,833,872,825,872,886,901,|,74,21,0,13
297,restaurante,|,817,818,834,837,838,851,865,|,34,1,4,20
298,restaurante,|,821,822,864,840,864,874,885,|,53,1,0,19
299,restaurante,|,826,827,840,835,840,847,855,|,21,1,0,9
300,almacen,|,827,828,828,829,830,834,839,|,7,1,2,2
301,restaurante,|,832,833,875,852,875,894,913,|,62,1,0,20
302,almacen,|,837,837,837,839,840,844,849,|,7,0,3,2
303,restaurante,|,840,841,868,850,868,876,884,|,36,1,0,10
304,almacen,|,840,841,841,841,841,856,871,|,16,1,0,1
305,farmacia,|,843,844,844,851,852,862,873,|,19,1,8,8
306,restaurante,|,844,845,878,856,878,882,887,|,38,1,0,12
307,restaurante,|,844,879,889,879,889,908,927,|,64,35,0,35
308,restaurante,|,844,875,913,861,913,924,936,|,80,31,0,17
309,restaurante,|,848,888,909,864,909,917,925,|,69,40,0,16
310,restaurante,|,851,852,873,853,873,879,885,|,28,1,0,2
311,restaurante,|,853,864,888,872,888,900,912,|,47,11,0,19
312,almacen,|,856,857,857,859,860,868,877,|,12,1,3,3
313,restaurante,|,856,878,916,874,916,928,940,|,72,22,0,18
314,restaurante,|,857,868,902,878,902,915,929,|,58,11,0,21
315,restaurante,|,859,860,872,886,887,894,902,|,35,1,15,27
316,restaurante,|,864,872,910,887,910,922,934,|,58,8,0,23
317,farmacia,|,864,865,865,866,867,885,904,|,21,1,2,2
318,restaurante,|,869,870,911,899,911,929,948,|,60,1,0,30
319,restaurante,|,873,874,884,884,884,891,898,|,18,1,0,11
320,restaurante,|,877,884,928,909,928,943,958,|,66,7,0,32
321,restaurante,|,879,880,902,929,902,921,941,|,42,1,0,50
322,restaurante,|,880,881,896,903,904,923,943,|,43,1,8,23
323,almacen,|,881,882,882,885,886,898,911,|,17,1,4,4
324,restaurante,|,886,887,901,902,903,922,942,|,36,1,2,16
325,restaurante,|,886,902,930,888,930,938,947,|,52,16,0,2
326,restaurante,|,891,901,927,946,947,960,974,|,69,10,20,55
327,restaurante,|,891,892,910,905,910,919,928,|,28,1,0,14
328,restaurante,|,893,894,909,923,924,941,959,|,48,1,15,30
329,restaurante,|,896,909,920,913,920,930,940,|,34,13,0,17
330,restaurante,|,899,900,929,928,929,939,950,|,40,1,0,29
331,restaurante,|,899,902,943,965,943,960,977,|,61,3,0,66
332,restaurante,|,903,943,976,914,976,981,987,|,78,40,0,11
333,restaurante,|,903,910,931,948,949,965,982,|,62,7,18,45
334,farmacia,|,907,908,908,912,913,917,922,|,10,1,5,5
335,restaurante,|,907,908,931,943,936,940,945,|,33,1,5,36
336,restaurante,|,912,913,935,944,945,951,958,|,39,1,10,32
337,restaurante,|,912,963,992,930,992,1003,1014,|,91,51,0,18
338,restaurante,|,913,931,964,935,964,971,978,|,58,18,0,22
339,restaurante,|,915,930,963,937,963,972,981,|,57,15,0,22
340,restaurante,|,918,964,998,941,998,1005,1012,|,87,46,0,23
341,almacen,|,918,919,919,926,927,941,956,|,23,1,8,8
342,restaurante,|,922,923,955,949,955,962,969,|,40,1,0,27
343,restaurante,|,925,926,940,951,952,962,973,|,37,1,12,26
344,restaurante,|,927,928,957,975,976,995,1015,|,68,1,19,48
345,restaurante,|,927,928,971,959,971,976,981,|,49,1,0,32
346,restaurante,|,927,940,979,970,979,988,998,|,61,13,0,43
347,restaurante,|,928,929,941,957,958,969,981,|,41,1,17,29
348,almacen,|,932,933,933,942,943,953,964,|,21,1,10,10
349,restaurante,|,934,935,952,978,979,998,1018,|,64,1,27,44
350,restaurante,|,939,940,985,982,985,1004,1024,|,65,1,0,43
351,farmacia,|,942,943,943,945,946,959,973,|,17,1,3,3
352,restaurante,|,945,992,1029,960,1029,1036,1043,|,91,47,0,15
353,restaurante,|,946,947,957,977,978,984,991,|,38,1,21,31
354,restaurante,|,949,950,995,999,1000,1019,1039,|,70,1,5,50
355,restaurante,|,953,954,976,976,977,986,996,|,33,1,1,23
356,restaurante,|,957,957,969,979,980,987,995,|,30,0,11,22
357,farmacia,|,960,961,961,961,962,967,973,|,7,1,1,1
358,restaurante,|,964,985,1027,985,1027,1045,1063,|,81,21,0,21
359,almacen,|,966,967,967,974,975,987,1000,|,21,1,8,8
360,restaurante,|,969,970,1015,997,1015,1020,1025,|,51,1,0,28
361,restaurante,|,969,970,981,984,985,993,1002,|,24,1,4,15
362,restaurante,|,969,970,1006,988,1006,1012,1018,|,43,1,0,19
363,restaurante,|,973,973,1009,1015,1009,1026,1043,|,53,0,0,42
364,restaurante,|,975,981,1024,996,1024,1035,1047,|,60,6,0,21
365,restaurante,|,976,1009,1019,992,1019,1032,1045,|,56,33,0,16
366,farmacia,|,981,982,982,983,984,995,1007,|,14,1,2,2
367,restaurante,|,984,1059,1084,1008,1084,1100,1117,|,116,75,0,24
368,restaurante,|,988,989,1009,1001,1009,1016,1023,|,28,1,0,13
369,restaurante,|,991,1019,1059,1003,1059,1071,1083,|,80,28,0,12
370,restaurante,|,993,994,1014,1016,1017,1030,1044,|,37,1,3,23
371,restaurante,|,993,1006,1026,1013,1026,1037,1049,|,44,13,0,20
372,restaurante,|,996,998,1034,1020,1034,1044,1054,|,48,2,0,24
373,restaurante,|,999,1000,1035,1047,1048,1062,1077,|,63,1,13,48
374,restaurante,|,1003,1015,1057,1019,1057,1065,1073,|,62,12,0,16
375,restaurante,|,1005,1026,1048,1024,1048,1063,1079,|,58,21,0,19
376,restaurante,|,1010,1011,1043,1026,1043,1056,1069,|,46,1,0,16
377,restaurante,|,1013,1014,1025,1071,1072,1086,1101,|,73,1,47,58
378,restaurante,|,1017,1018,1041,1046,1047,1060,1074,|,43,1,6,29
379,restaurante,|,1020,1027,1062,1048,1062,1075,1088,|,55,7,0,28
380,restaurante,|,1021,1022,1063,1075,1076,1094,1113,|,73,1,13,54
381,restaurante,|,1021,1022,1057,1025,1057,1063,1070,|,42,1,0,4
382,restaurante,|,1021,1057,1076,1044,1076,1086,1096,|,65,36,0,23
383,restaurante,|,1021,1034,1063,1055,1063,1082,1102,|,61,13,0,34
384,farmacia,|,1026,1027,1027,1040,1041,1048,1056,|,22,1,14,14
385,restaurante,|,1031,1035,1066,1050,1066,1080,1094,|,49,4,0,19
386,restaurante,|,1035,1036,1047,1084,1085,1099,1114,|,64,1,38,49
387,restaurante,|,1035,1036,1062,1064,1065,1069,1074,|,34,1,3,29
388,almacen,|,1035,1036,1036,1045,1046,1058,1071,|,23,1,10,10
389,restaurante,|,1035,1036,1071,1091,1092,1097,1103,|,62,1,21,56
390,restaurante,|,1037,1043,1060,1057,1060,1067,1074,|,30,6,0,20
391,restaurante,|,1038,1039,1054,1104,1105,1121,1138,|,83,1,51,66
392,restaurante,|,1043,1044,1081,1076,1081,1092,1104,|,49,1,0,33
393,restaurante,|,1048,1076,1121,1070,1121,1135,1149,|,87,28,0,22
394,restaurante,|,1052,1053,1076,1102,1103,1118,1134,|,66,1,27,50
395,restaurante,|,1055,1062,1100,1095,1100,1119,1138,|,64,7,0,40
396,restaurante,|,1057,1063,1102,1080,1102,1108,1114,|,51,6,0,23
397,restaurante,|,1061,1066,1093,1103,1093,1110,1127,|,49,5,0,42
398,restaurante,|,1062,1063,1073,1114,1115,1129,1144,|,67,1,42,52
399,almacen,|,1065,1066,1066,1074,1075,1082,1090,|,17,1,9,9
400,almacen,|,1067,1068,1068,1077,1078,1090,1103,|,23,1,10,10
401,almacen,|,1068,1069,1069,1078,1079,1091,1104,|,23,1,10,10
402,restaurante,|,1068,1093,1114,1089,1114,1123,1132,|,55,25,0,21
403,farmacia,|,1068,1069,1069,1072,1073,1081,1090,|,13,1,4,4
404,restaurante,|,1069,1070,1109,1097,1109,1114,1119,|,45,1,0,28
405,restaurante,|,1071,1072,1099,1118,1107,1122,1138,|,51,1,8,47
406,restaurante,|,1075,1102,1140,1092,1140,1152,1165,|,77,27,0,17
407,restaurante,|,1080,1081,1097,1116,1117,1136,1156,|,56,1,20,36
408,restaurante,|,1080,1081,1126,1107,1126,1132,1138,|,52,1,0,27
409,restaurante,|,1084,1085,1125,1133,1134,1150,1167,|,66,1,9,49
410,restaurante,|,1089,1100,1111,1105,1111,1120,1129,|,31,11,0,16
411,restaurante,|,1091,1092,1123,1142,1143,1154,1166,|,63,1,20,51
412,restaurante,|,1091,1099,1130,1106,1130,1139,1149,|,48,8,0,15
413,restaurante,|,1094,1095,1122,1120,1122,1136,1150,|,42,1,0,26
414,restaurante,|,1098,1114,1154,1115,1154,1167,1180,|,69,16,0,17
415,restaurante,|,1099,1100,1131,1128,1131,1143,1155,|,44,1,0,29
416,restaurante,|,1103,1158,1193,1130,1193,1212,1232,|,109,55,0,27
417,restaurante,|,1108,1109,1135,1135,1136,1143,1151,|,35,1,1,27
418,restaurante,|,1109,1110,1125,1141,1142,1150,1159,|,41,1,17,32
419,restaurante,|,1113,1114,1141,1150,1151,1158,1166,|,45,1,10,37
420,restaurante,|,1114,1115,1126,1153,1154,1158,1163,|,44,1,28,39
421,restaurante,|,1114,1121,1158,1159,1158,1178,1198,|,64,7,0,45
422,restaurante,|,1118,1119,1143,1152,1153,1161,1170,|,43,1,10,34
423,restaurante,|,1123,1130,1174,1145,1174,1185,1196,|,62,7,0,22
424,restaurante,|,1124,1126,1168,1156,1168,1175,1182,|,51,2,0,32
425,restaurante,|,1126,1168,1191,1157,1191,1207,1223,|,81,42,0,31
426,restaurante,|,1130,1131,1167,1178,1179,1193,1208,|,63,1,12,48
427,restaurante,|,1130,1131,1147,1160,1161,1168,1176,|,38,1,14,30
428,almacen,|,1132,1133,1133,1139,1140,1158,1177,|,26,1,7,7
429,almacen,|,1132,1134,1134,1140,1141,1149,1158,|,17,2,7,8
430,restaurante,|,1133,1134,1153,1184,1185,1202,1220,|,69,1,32,51
431,restaurante,|,1134,1143,1176,1168,1176,1188,1200,|,54,9,0,34
432,restaurante,|,1137,1138,1167,1166,1167,1179,1192,|,42,1,0,29
433,restaurante,|,1138,1139,1161,1183,1184,1199,1215,|,61,1,23,45
434,restaurante,|,1143,1144,1165,1167,1168,1177,1187,|,34,1,3,24
435,restaurante,|,1146,1165,1174,1171,1174,1193,1213,|,47,19,0,25
436,restaurante,|,1148,1149,1165,1177,1178,1194,1211,|,46,1,13,29
437,restaurante,|,1148,1149,1183,1188,1189,1204,1220,|,56,1,6,40
438,farmacia,|,1150,1150,1150,1151,1152,1168,1185,|,18,0,2,1
439,restaurante,|,1155,1165,1184,1193,1187,1201,1216,|,46,10,3,38
440,restaurante,|,1160,1161,1197,1201,1202,1218,1235,|,58,1,5,41
441,farmacia,|,1160,1161,1161,1164,1165,1172,1180,|,12,1,4,4
442,restaurante,|,1165,1176,1201,1196,1201,1215,1230,|,50,11,0,31
443,almacen,|,1168,1169,1169,1169,1169,1175,1181,|,7,1,0,1
444,restaurante,|,1173,1184,1214,1186,1214,1219,1225,|,46,11,0,13
445,restaurante,|,1177,1178,1196,1199,1200,1212,1225,|,35,1,4,22
446,almacen,|,1177,1178,1178,1181,1182,1188,1195,|,11,1,4,4
447,restaurante,|,1179,1179,1218,1209,1218,1237,1256,|,58,0,0,30
448,farmacia,|,1181,1182,1182,1182,1182,1189,1196,|,8,1,0,1
449,restaurante,|,1186,1187,1233,1217,1233,1243,1254,|,57,1,0,31
450,restaurante,|,1189,1190,1216,1198,1216,1224,1232,|,35,1,0,9
451,almacen,|,1194,1195,1195,1197,1198,1212,1227,|,18,1,3,3
452,restaurante,|,1199,1216,1244,1216,1244,1255,1266,|,56,17,0,17
453,restaurante,|,1204,1205,1229,1228,1229,1234,1239,|,30,1,0,24
454,restaurante,|,1205,1206,1244,1231,1244,1250,1256,|,45,1,0,26
455,restaurante,|,1205,1206,1222,1233,1234,1244,1255,|,39,1,12,28
456,restaurante,|,1208,1214,1235,1227,1235,1241,1247,|,33,6,0,19
457,restaurante,|,1208,1233,1265,1224,1265,1276,1287,|,68,25,0,16
458,almacen,|,1208,1209,1209,1212,1213,1225,1238,|,17,1,4,4
459,farmacia,|,1210,1211,1211,1214,1215,1234,1254,|,24,1,4,4
460,restaurante,|,1215,1216,1264,1249,1264,1283,1303,|,68,1,0,34
461,restaurante,|,1215,1216,1260,1236,1260,1265,1270,|,50,1,0,21
462,restaurante,|,1216,1244,1254,1226,1254,1263,1272,|,47,28,0,10
463,farmacia,|,1217,1218,1218,1221,1221,1233,1245,|,16,1,3,4
464,farmacia,|,1220,1221,1221,1222,1223,1235,1248,|,15,1,2,2
465,restaurante,|,1224,1271,1299,1246,1299,1315,1331,|,91,47,0,22
466,restaurante,|,1224,1225,1243,1234,1243,1249,1255,|,25,1,0,10
467,restaurante,|,1228,1229,1240,1255,1256,1272,1289,|,44,1,16,27
468,restaurante,|,1231,1232,1279,1258,1279,1289,1299,|,58,1,0,27
469,restaurante,|,1231,1260,1306,1257,1306,1323,1340,|,92,29,0,26
470,restaurante,|,1231,1254,1271,1240,1271,1281,1292,|,50,23,0,9
471,restaurante,|,1231,1235,1268,1259,1268,1284,1300,|,53,4,0,28
472,restaurante,|,1234,1235,1259,1239,1259,1265,1271,|,31,1,0,5
473,restaurante,|,1239,1240,1262,1267,1268,1285,1303,|,46,1,6,28
474,almacen,|,1242,1243,1243,1248,1249,1258,1268,|,16,1,6,6
475,restaurante,|,1247,1248,1268,1271,1272,1281,1291,|,34,1,4,24
476,restaurante,|,1250,1308,1341,1260,1341,1351,1362,|,101,58,0,10
477,almacen,|,1252,1253,1253,1256,1257,1276,1296,|,24,1,4,4
478,restaurante,|,1253,1259,1283,1269,1283,1298,1313,|,45,6,0,16
479,restaurante,|,1258,1259,1282,1273,1282,1292,1302,|,34,1,0,15
480,restaurante,|,1262,1263,1293,1301,1302,1318,1335,|,56,1,9,39
481,restaurante,|,1266,1283,1308,1292,1308,1320,1332,|,54,17,0,26
482,farmacia,|,1271,1272,1272,1272,1272,1292,1312,|,21,1,0,1
483,restaurante,|,1271,1341,1385,1293,1385,1393,1401,|,122,70,0,22
484,restaurante,|,1272,1273,1309,1333,1334,1350,1367,|,78,1,25,61
485,farmacia,|,1273,1274,1274,1288,1289,1293,1298,|,20,1,15,15
486,restaurante,|,1275,1276,1293,1305,1298,1315,1333,|,40,1,5,30
487,farmacia,|,1275,1276,1276,1290,1291,1310,1330,|,35,1,15,15
488,restaurante,|,1276,1277,1299,1299,1300,1312,1325,|,36,1,1,23
489,restaurante,|,1277,1293,1317,1297,1317,1330,1344,|,53,16,0,20
490,restaurante,|,1281,1282,1305,1300,1305,1310,1316,|,29,1,0,19
491,restaurante,|,1281,1282,1318,1303,1318,1325,1333,|,44,1,0,22
492,restaurante,|,1283,1284,1317,1335,1336,1350,1365,|,67,1,19,52
493,restaurante,|,1287,1317,1363,1314,1363,1373,1384,|,86,30,0,27
494,restaurante,|,1288,1289,1305,1304,1305,1311,1318,|,23,1,0,16
495,restaurante,|,1290,1291,1327,1317,1327,1336,1345,|,46,1,0,27
496,restaurante,|,1295,1306,1321,1313,1321,1331,1341,|,36,11,0,18
497,restaurante,|,1296,1299,1309,1319,1320,1336,1353,|,40,3,11,23
498,restaurante,|,1299,1300,1336,1353,1354,1368,1383,|,69,1,18,54
499,restaurante,|,1301,1302,1325,1334,1335,1343,1352,|,42,1,10,33
500,restaurante,|,1305,1367,1408,1342,1408,1425,1442,|,120,62,0,37
501,restaurante,|,1308,1309,1353,1345,1353,1359,1366,|,51,1,0,37
502,restaurante,|,1308,1309,1342,1363,1364,1383,1403,|,75,1,22,55
503,restaurante,|,1312,1321,1367,1336,1367,1375,1383,|,63,9,0,24
504,restaurante,|,1315,1353,1374,1346,1374,1379,1384,|,64,38,0,31
505,farmacia,|,1318,1319,1319,1326,1327,1335,1344,|,17,1,8,8
506,restaurante,|,1320,1321,1347,1347,1348,1355,1363,|,35,1,1,27
507,restaurante,|,1323,1324,1341,1369,1370,1376,1383,|,53,1,29,46
508,restaurante,|,1324,1325,1337,1358,1359,1369,1380,|,45,1,22,34
509,farmacia,|,1324,1325,1325,1331,1332,1348,1365,|,24,1,7,7
510,farmacia,|,1326,1327,1327,1332,1333,1352,1372,|,26,1,6,6
511,restaurante,|,1331,1385,1395,1354,1395,1404,1413,|,73,54,0,23
512,restaurante,|,1336,1337,1353,1364,1365,1378,1392,|,42,1,12,28
513,farmacia,|,1336,1337,1337,1341,1342,1349,1357,|,13,1,5,5
514,restaurante,|,1340,1340,1363,1366,1367,1376,1386,|,36,0,4,26
515,restaurante,|,1344,1345,1374,1388,1389,1408,1428,|,64,1,15,44
516,restaurante,|,1349,1395,1432,1381,1432,1448,1464,|,99,46,0,32
517,restaurante,|,1349,1350,1375,1373,1375,1384,1393,|,35,1,0,24
518,restaurante,|,1353,1374,1411,1368,1411,1420,1431,|,67,21,0,15
519,restaurante,|,1354,1355,1379,1384,1385,1393,1402,|,39,1,6,30
520,restaurante,|,1359,1375,1420,1385,1420,1431,1442,|,72,16,0,26
521,restaurante,|,1360,1363,1395,1401,1395,1414,1433,|,54,3,0,41
522,farmacia,|,1365,1366,1366,1367,1368,1374,1381,|,9,1,2,2
523,restaurante,|,1370,1371,1412,1394,1412,1423,1434,|,53,1,0,24
524,restaurante,|,1370,1371,1409,1393,1409,1417,1426,|,47,1,0,23
525,restaurante,|,1372,1420,1465,1386,1465,1472,1480,|,100,48,0,14
526,restaurante,|,1377,1408,1440,1389,1440,1452,1464,|,75,31,0,12
527,almacen,|,1378,1379,1379,1382,1383,1391,1400,|,13,1,4,4
528,restaurante,|,1381,1395,1406,1398,1406,1424,1442,|,43,14,0,17
529,farmacia,|,1386,1387,1387,1387,1387,1392,1397,|,6,1,0,1
530,restaurante,|,1391,1392,1418,1422,1423,1441,1460,|,50,1,5,31
531,restaurante,|,1395,1396,1409,1402,1409,1415,1421,|,20,1,0,7
532,restaurante,|,1396,1397,1416,1414,1416,1427,1440,|,31,1,0,18
533,restaurante,|,1401,1402,1430,1403,1430,1438,1446,|,37,1,0,2
534,restaurante,|,1401,1402,1430,1441,1442,1457,1473,|,56,1,12,40
535,restaurante,|,1403,1404,1427,1404,1427,1434,1442,|,31,1,0,1
536,restaurante,|,1408,1409,1452,1448,1452,1466,1481,|,58,1,0,40
537,restaurante,|,1409,1410,1443,1432,1443,1456,1469,|,47,1,0,23
538,restaurante,|,1414,1415,1457,1435,1457,1468,1479,|,54,1,0,21
539,farmacia,|,1415,1415,1415,1427,1428,1435,1443,|,20,0,13,12
540,restaurante,|,1415,1416,1458,1466,1467,1481,1496,|,66,1,9,51
541,restaurante,|,1419,1420,1453,1434,1453,1459,1465,|,40,1,0,15
542,restaurante,|,1420,1443,1471,1446,1471,1489,1507,|,69,23,0,26
543,restaurante,|,1424,1424,1442,1461,1462,1479,1497,|,55,0,20,37
544,almacen,|,1427,1428,1428,1429,1430,1447,1465,|,20,1,2,2
545,restaurante,|,1427,1453,1494,1444,1494,1504,1514,|,77,26,0,17
546,restaurante,|,1430,1471,1513,1454,1513,1533,1553,|,103,41,0,24
547,restaurante,|,1430,1440,1454,1447,1454,1473,1493,|,43,10,0,17
548,restaurante,|,1431,1432,1461,1480,1481,1498,1516,|,67,1,20,49
549,almacen,|,1436,1437,1437,1443,1444,1448,1453,|,12,1,7,7
550,restaurante,|,1440,1441,1466,1483,1467,1484,1502,|,44,1,1,43
551,restaurante,|,1444,1445,1458,1499,1466,1484,1503,|,40,1,8,55
552,farmacia,|,1444,1445,1445,1445,1445,1457,1469,|,13,1,0,1
553,restaurante,|,1445,1446,1486,1470,1486,1492,1498,|,47,1,0,25
554,restaurante,|,1445,1458,1482,1465,1500,1511,1522,|,66,13,18,20
555,restaurante,|,1449,1477,1518,1467,1518,1524,1531,|,75,28,0,18
556,restaurante,|,1454,1455,1481,1482,1483,1491,1500,|,37,1,2,28
557,restaurante,|,1454,1455,1472,1474,1475,1481,1488,|,27,1,3,20
558,restaurante,|,1456,1457,1467,1468,1469,1474,1480,|,18,1,2,12
559,restaurante,|,1456,1466,1477,1471,1477,1492,1507,|,36,10,0,15
560,restaurante,|,1460,1461,1484,1489,1490,1502,1515,|,42,1,6,29
561,restaurante,|,1465,1513,1535,1481,1535,1541,1547,|,76,48,0,16
562,restaurante,|,1465,1466,1503,1497,1503,1509,1516,|,44,1,0,32
563,restaurante,|,1469,1470,1487,1538,1509,1524,1540,|,55,1,22,69
564,restaurante,|,1471,1503,1514,1501,1514,1530,1546,|,59,32,0,30
565,restaurante,|,1471,1481,1505,1515,1516,1526,1536,|,55,10,11,44
566,restaurante,|,1474,1482,1500,1516,1516,1530,1544,|,56,8,16,42
567,restaurante,|,1475,1476,1487,1504,1505,1523,1542,|,48,1,18,29
568,restaurante,|,1477,1478,1521,1527,1524,1537,1551,|,60,1,3,50
569,restaurante,|,1482,1482,1510,1509,1510,1520,1530,|,38,0,0,27
570,restaurante,|,1484,1487,1499,1508,1539,1552,1566,|,68,3,40,24
571,almacen,|,1487,1488,1488,1494,1495,1510,1526,|,23,1,7,7
572,restaurante,|,1488,1489,1516,1519,1520,1528,1537,|,40,1,4,31
573,restaurante,|,1490,1494,1540,1518,1540,1549,1558,|,59,4,0,28
574,restaurante,|,1495,1521,1563,1523,1563,1575,1588,|,80,26,0,28
575,farmacia,|,1496,1497,1497,1498,1499,1510,1522,|,14,1,2,2
576,restaurante,|,1498,1510,1522,1532,1533,1547,1562,|,49,12,11,34
577,almacen,|,1498,1499,1499,1503,1504,1509,1515,|,11,1,5,5
578,restaurante,|,1503,1504,1538,1552,1553,1567,1583,|,64,1,15,49
579,restaurante,|,1503,1504,1518,1531,1532,1545,1559,|,42,1,14,28
580,restaurante,|,1506,1507,1538,1537,1538,1551,1565,|,45,1,0,31
581,restaurante,|,1508,1563,1590,1524,1590,1603,1616,|,95,55,0,16
582,restaurante,|,1510,1512,1533,1562,1563,1581,1601,|,71,2,30,52
583,restaurante,|,1513,1516,1553,1539,1553,1562,1571,|,49,3,0,26
584,farmacia,|,1516,1517,1517,1517,1517,1527,1538,|,11,1,0,1
585,restaurante,|,1520,1521,1541,1543,1544,1552,1561,|,32,1,3,23
586,restaurante,|,1520,1540,1565,1545,1565,1583,1601,|,63,20,0,25
587,restaurante,|,1521,1522,1537,1541,1542,1549,1557,|,28,1,5,20
588,restaurante,|,1524,1525,1536,1547,1548,1563,1579,|,39,1,12,23
589,restaurante,|,1526,1526,1557,1548,1557,1563,1569,|,37,0,0,22
590,restaurante,|,1529,1530,1560,1580,1581,1597,1613,|,68,1,21,51
591,restaurante,|,1534,1535,1551,1558,1559,1564,1570,|,30,1,8,24
592,restaurante,|,1536,1553,1588,1563,1588,1606,1624,|,70,17,0,27
593,restaurante,|,1539,1590,1604,1554,1604,1617,1631,|,78,51,0,15
594,restaurante,|,1539,1540,1557,1566,1561,1567,1574,|,28,1,4,27
595,restaurante,|,1540,1541,1573,1571,1573,1590,1606,|,50,1,0,31
596,restaurante,|,1542,1557,1584,1559,1584,1595,1607,|,53,15,0,17
597,restaurante,|,1544,1557,1594,1560,1594,1603,1612,|,59,13,0,16
598,restaurante,|,1548,1549,1588,1567,1588,1596,1604,|,48,1,0,19
599,restaurante,|,1550,1551,1584,1570,1584,1591,1599,|,41,1,0,20
600,restaurante,|,1552,1553,1583,1572,1583,1596,1609,|,44,1,0,20
601,restaurante,|,1555,1556,1579,1605,1606,1620,1635,|,65,1,27,50
602,restaurante,|,1556,1557,1582,1608,1609,1625,1642,|,69,1,27,52
603,restaurante,|,1560,1560,1583,1600,1601,1620,1641,|,60,0,18,40
604,restaurante,|,1565,1588,1600,1589,1600,1616,1634,|,51,23,0,24
605,restaurante,|,1570,1571,1589,1617,1619,1629,1640,|,59,1,30,47
606,restaurante,|,1570,1583,1612,1575,1612,1619,1628,|,49,13,0,5
607,restaurante,|,1571,1572,1599,1602,1603,1615,1628,|,44,1,4,31
608,restaurante,|,1576,1576,1595,1654,1635,1653,1672,|,77,0,40,78
609,almacen,|,1576,1577,1577,1584,1585,1597,1610,|,21,1,8,8
610,restaurante,|,1581,1583,1628,1607,1628,1636,1644,|,55,2,0,26
611,restaurante,|,1581,1582,1617,1610,1617,1627,1637,|,46,1,0,29
612,restaurante,|,1585,1628,1652,1613,1652,1669,1686,|,84,43,0,28
613,restaurante,|,1585,1586,1624,1641,1642,1660,1679,|,75,1,18,56
614,restaurante,|,1586,1617,1646,1614,1646,1665,1684,|,79,31,0,28
615,restaurante,|,1590,1591,1617,1643,1643,1658,1673,|,68,1,26,53
616,restaurante,|,1593,1594,1635,1622,1635,1644,1653,|,51,1,0,29
617,restaurante,|,1594,1595,1614,1645,1646,1662,1678,|,68,1,32,51
618,almacen,|,1597,1598,1598,1603,1604,1609,1615,|,12,1,6,6
619,restaurante,|,1597,1598,1614,1630,1631,1637,1644,|,40,1,17,33
620,restaurante,|,1600,1601,1643,1632,1643,1652,1661,|,52,1,0,32
621,restaurante,|,1605,1606,1647,1635,1647,1660,1673,|,55,1,0,30
622,almacen,|,1607,1608,1608,1611,1612,1616,1621,|,9,1,4,4
623,restaurante,|,1608,1608,1627,1636,1637,1648,1659,|,40,0,10,28
624,restaurante,|,1609,1643,1674,1629,1674,1681,1688,|,72,34,0,20
625,almacen,|,1611,1612,1612,1616,1617,1634,1652,|,23,1,5,5
626,restaurante,|,1615,1616,1630,1644,1645,1650,1656,|,35,1,15,29
627,restaurante,|,1617,1681,1700,1638,1700,1711,1722,|,94,64,0,21
628,farmacia,|,1620,1621,1621,1625,1626,1633,1641,|,13,1,5,5
629,restaurante,|,1621,1622,1665,1662,1665,1677,1690,|,56,1,0,41
630,restaurante,|,1621,1652,1684,1642,1684,1694,1704,|,73,31,0,21
631,restaurante,|,1626,1626,1640,1674,1675,1694,1714,|,68,0,35,48
632,restaurante,|,1629,1646,1656,1653,1656,1663,1671,|,34,17,0,24
633,restaurante,|,1632,1633,1650,1660,1661,1666,1672,|,34,1,11,28
634,restaurante,|,1635,1647,1681,1657,1681,1689,1697,|,54,12,0,22
635,restaurante,|,1638,1639,1676,1689,1689,1705,1722,|,67,1,13,51
636,restaurante,|,1643,1643,1654,1672,1673,1684,1696,|,41,0,19,29
637,restaurante,|,1643,1644,1686,1698,1686,1691,1696,|,48,1,0,55
638,restaurante,|,1643,1643,1684,1726,1684,1699,1714,|,56,0,0,83
639,farmacia,|,1645,1646,1646,1646,1646,1661,1676,|,16,1,0,1
640,restaurante,|,1647,1654,1687,1675,1687,1693,1699,|,46,7,0,28
641,restaurante,|,1652,1653,1670,1679,1680,1693,1707,|,41,1,10,27
642,restaurante,|,1654,1700,1719,1673,1719,1725,1732,|,71,46,0,19
643,restaurante,|,1654,1686,1732,1680,1732,1751,1770,|,97,32,0,26
644,restaurante,|,1656,1684,1723,1677,1723,1732,1742,|,76,28,0,21
645,restaurante,|,1659,1670,1690,1700,1698,1713,1729,|,54,11,8,41
646,restaurante,|,1662,1663,1679,1691,1692,1697,1702,|,35,1,13,29
647,restaurante,|,1667,1723,1759,1687,1759,1772,1785,|,105,56,0,20
648,restaurante,|,1668,1669,1694,1733,1734,1751,1769,|,83,1,40,65
649,almacen,|,1669,1670,1670,1676,1677,1687,1698,|,18,1,7,7
650,restaurante,|,1670,1674,1685,1724,1725,1745,1765,|,75,4,40,54
651,restaurante,|,1673,1690,1732,1697,1732,1745,1758,|,72,17,0,24
652,restaurante,|,1676,1700,1734,1708,1734,1749,1764,|,73,24,0,32
653,restaurante,|,1679,1680,1699,1703,1704,1714,1725,|,35,1,5,24
654,almacen,|,1679,1680,1680,1685,1686,1697,1709,|,18,1,6,6
655,restaurante,|,1682,1719,1758,1723,1758,1777,1796,|,95,37,0,41
656,restaurante,|,1684,1684,1724,1710,1724,1730,1737,|,46,0,0,26
657,restaurante,|,1684,1686,1704,1715,1705,1714,1724,|,30,2,1,31
658,restaurante,|,1685,1687,1700,1711,1700,1704,1709,|,19,2,0,26
659,restaurante,|,1687,1732,1767,1725,1767,1787,1807,|,100,45,0,38
660,restaurante,|,1690,1704,1737,1705,1737,1748,1759,|,58,14,0,15
661,almacen,|,1694,1694,1694,1699,1700,1719,1736,|,25,0,6,5
662,restaurante,|,1695,1699,1718,1760,1761,1780,1800,|,85,4,43,65
663,restaurante,|,1697,1698,1725,1762,1759,1767,1781,|,70,1,34,65
664,almacen,|,1698,1699,1699,1701,1702,1712,1723,|,14,1,3,3
665,restaurante,|,1703,1734,1770,1742,1770,1784,1798,|,81,31,0,39
666,restaurante,|,1703,1732,1750,1730,1750,1763,1777,|,60,29,0,27
667,restaurante,|,1703,1725,1757,1758,1764,1777,1790,|,74,22,7,55
668,restaurante,|,1703,1704,1744,1743,1744,1750,1757,|,47,1,0,40
669,restaurante,|,1707,1759,1781,1738,1781,1790,1799,|,83,52,0,31
670,restaurante,|,1707,1708,1747,1782,1783,1801,1820,|,94,1,36,75
671,almacen,|,1708,1709,1709,1716,1717,1727,1741,|,19,1,8,8
672,restaurante,|,1713,1767,1790,1761,1790,1810,1830,|,97,54,0,48
673,almacen,|,1715,1716,1716,1727,1728,1743,1759,|,28,1,12,12
674,restaurante,|,1717,1781,1820,1759,1820,1827,1834,|,110,64,0,42
675,restaurante,|,1719,1720,1737,1792,1793,1797,1802,|,78,1,56,73
676,restaurante,|,1723,1824,1855,1771,1855,1874,1894,|,151,101,0,48
677,restaurante,|,1723,1724,1749,1766,1768,1777,1787,|,54,1,19,43
678,restaurante,|,1724,1725,1750,1799,1800,1818,1837,|,94,1,50,75
679,restaurante,|,1725,1725,1739,1770,1771,1780,1790,|,55,0,32,45
680,farmacia,|,1726,1726,1726,1737,1738,1747,1757,|,21,0,12,11
681,restaurante,|,1729,1770,1799,1765,1799,1806,1813,|,77,41,0,36
682,restaurante,|,1734,1735,1760,1832,1832,1844,1857,|,110,1,72,98
683,restaurante,|,1738,1757,1762,1778,1779,1787,1796,|,49,19,17,40
684,restaurante,|,1740,1750,1793,1786,1793,1802,1811,|,62,10,0,46
685,restaurante,|,1745,1820,1832,1788,1832,1845,1858,|,100,75,0,43
686,restaurante,|,1747,1779,1824,1789,1824,1832,1840,|,85,32,0,42
687,restaurante,|,1748,1758,1779,1791,1779,1783,1788,|,35,10,0,43
688,restaurante,|,1750,1790,1800,1798,1800,1819,1839,|,69,40,0,48
689,restaurante,|,1755,1756,1786,1812,1801,1818,1836,|,63,1,15,57
690,restaurante,|,1756,1832,1873,1801,1873,1888,1904,|,132,76,0,45
691,restaurante,|,1756,1793,1805,1797,1805,1815,1825,|,59,37,0,41
692,restaurante,|,1760,1761,1775,1821,1822,1838,1854,|,78,1,47,61
693,restaurante,|,1764,1786,1817,1800,1817,1824,1831,|,60,22,0,36
694,restaurante,|,1769,1769,1797,1842,1843,1859,1876,|,90,0,46,73
695,restaurante,|,1770,1771,1812,1837,1832,1848,1864,|,78,1,20,67
696,restaurante,|,1773,1773,1808,1838,1839,1853,1868,|,80,0,31,65
697,restaurante,|,1776,1777,1806,1814,1815,1822,1830,|,46,1,9,38
698,restaurante,|,1781,1799,1836,1833,1836,1854,1872,|,73,18,0,52
699,almacen,|,1784,1785,1785,1803,1804,1822,1840,|,38,1,19,19
700,restaurante,|,1789,1812,1848,1831,1848,1861,1874,|,72,23,0,42
701,almacen,|,1789,1790,1790,1808,1809,1822,1836,|,33,1,19,19
702,restaurante,|,1792,1793,1812,1875,1876,1889,1903,|,97,1,64,83
703,restaurante,|,1795,1797,1825,1854,1855,1873,1892,|,78,2,30,59
704,restaurante,|,1800,1801,1840,1840,1842,1847,1853,|,47,1,2,40
705,restaurante,|,1800,1801,1822,1864,1865,1883,1902,|,83,1,43,64
706,restaurante,|,1801,1801,1819,1839,1840,1852,1865,|,51,0,21,38
707,restaurante,|,1802,1805,1840,1867,1868,1887,1907,|,85,3,28,65
708,restaurante,|,1803,1817,1828,1835,1836,1849,1863,|,46,14,8,32
709,restaurante,|,1806,1806,1847,1841,1847,1858,1870,|,52,0,0,35
710,restaurante,|,1808,1809,1853,1871,1872,1892,1912,|,84,1,19,63
711,restaurante,|,1813,1814,1829,1846,1847,1855,1864,|,42,1,18,33
712,farmacia,|,1817,1818,1818,1826,1827,1836,1845,|,19,1,9,9
713,restaurante,|,1821,1822,1861,1903,1904,1920,1937,|,99,1,43,82
714,restaurante,|,1823,1824,1856,1869,1870,1882,1895,|,59,1,14,46
715,restaurante,|,1828,1829,1840,1893,1878,1896,1915,|,68,1,38,65
716,restaurante,|,1833,1836,1852,1873,1874,1879,1885,|,46,3,22,40
717,restaurante,|,1833,1834,1862,1895,1896,1910,1925,|,77,1,34,62
718,restaurante,|,1837,1838,1864,1899,1900,1916,1933,|,79,1,36,62
719,restaurante,|,1841,1842,1859,1877,1894,1901,1909,|,60,1,35,36
720,restaurante,|,1843,1853,1880,1896,1897,1913,1930,|,70,10,17,53
721,almacen,|,1845,1846,1846,1866,1867,1886,1906,|,41,1,21,21
722,farmacia,|,1849,1850,1850,1855,1856,1868,1881,|,19,1,6,6
723,farmacia,|,1853,1855,1855,1858,1859,1873,1888,|,20,2,4,5
724,restaurante,|,1856,1857,1872,1905,1905,1919,1934,|,63,1,33,49
725,farmacia,|,1857,1858,1858,1859,1860,1872,1885,|,15,1,2,2
726,restaurante,|,1862,1862,1886,1913,1914,1919,1925,|,57,0,28,51
727,restaurante,|,1862,1864,1887,1909,1910,1924,1939,|,62,2,23,47
728,farmacia,|,1864,1865,1865,1865,1865,1881,1898,|,17,1,0,1
729,almacen,|,1869,1869,1869,1886,1887,1896,1906,|,27,0,18,17
730,restaurante,|,1874,1875,1912,1904,1912,1925,1938,|,51,1,0,30
731,almacen,|,1874,1875,1875,1889,1890,1905,1921,|,31,1,15,15
732,farmacia,|,1876,1877,1877,1882,1883,1890,1898,|,14,1,6,6
733,restaurante,|,1880,1881,1915,1938,1939,1955,1972,|,75,1,24,58
734,restaurante,|,1881,1882,1901,1908,1909,1919,1930,|,38,1,8,27
735,restaurante,|,1884,1912,1942,1910,1942,1961,1980,|,77,28,0,26
736,farmacia,|,1884,1885,1885,1887,1888,1903,1919,|,19,1,3,3
737,restaurante,|,1886,1887,1898,1933,1908,1927,1947,|,41,1,10,47
738,restaurante,|,1888,1898,1926,1907,1934,1939,1945,|,51,10,8,19
739,restaurante,|,1890,1891,1918,1916,1918,1924,1930,|,34,1,0,26
740,restaurante,|,1895,1896,1939,1920,1939,1944,1950,|,49,1,0,25
741,farmacia,|,1899,1900,1900,1900,1900,1910,1921,|,11,1,0,1
742,restaurante,|,1900,1901,1917,1923,1924,1933,1943,|,33,1,7,23
743,restaurante,|,1900,1901,1927,1927,1928,1933,1939,|,33,1,1,27
744,restaurante,|,1901,1903,1942,1926,1942,1948,1954,|,47,2,0,25
745,restaurante,|,1906,1939,1949,1922,1949,1965,1981,|,59,33,0,16
746,restaurante,|,1906,1907,1937,1931,1937,1947,1957,|,41,1,0,25
747,restaurante,|,1911,1912,1937,1944,1937,1952,1967,|,41,1,0,33
748,restaurante,|,1913,1914,1950,1934,1950,1959,1968,|,46,1,0,21
749,restaurante,|,1916,1917,1947,1958,1959,1975,1991,|,59,1,12,42
750,restaurante,|,1916,1937,1966,1932,1966,1979,1992,|,63,21,0,16
751,restaurante,|,1920,1921,1967,1935,1967,1976,1985,|,56,1,0,15
752,restaurante,|,1921,1949,1980,1939,1980,1996,2012,|,75,28,0,18
753,restaurante,|,1925,1926,1944,1948,1949,1968,1988,|,43,1,5,23
754,restaurante,|,1927,1980,2025,1946,2025,2041,2057,|,114,53,0,19
755,restaurante,|,1928,1929,1959,1951,1959,1970,1981,|,42,1,0,23
756,restaurante,|,1930,2025,2039,1941,2039,2053,2067,|,123,95,0,11
757,restaurante,|,1934,1950,1968,1955,1968,1985,2002,|,51,16,0,21
758,restaurante,|,1939,1940,1954,1940,1954,1962,1970,|,23,1,0,1
759,restaurante,|,1940,1941,1954,2000,2001,2017,2034,|,77,1,47,60
760,restaurante,|,1943,1944,1988,1992,1988,1997,2006,|,54,1,0,49
761,restaurante,|,1947,1988,2030,1981,2030,2045,2061,|,98,41,0,34
762,restaurante,|,1952,1967,1988,1968,1988,1997,2006,|,45,15,0,16
763,restaurante,|,1955,1968,2007,1973,2007,2013,2019,|,58,13,0,18
764,restaurante,|,1958,1959,1994,1986,1994,1999,2004,|,41,1,0,28
765,farmacia,|,1960,1961,1961,1969,1970,1984,1999,|,24,1,9,9
766,restaurante,|,1962,1963,1985,2006,2007,2025,2044,|,63,1,22,44
767,almacen,|,1965,1966,1966,1971,1972,1990,2009,|,25,1,6,6
768,restaurante,|,1967,1994,2026,1983,2026,2031,2037,|,64,27,0,16
769,restaurante,|,1969,1970,1997,1993,1997,2011,2025,|,42,1,0,24
770,restaurante,|,1973,1974,2012,2008,2012,2027,2042,|,54,1,0,35
771,almacen,|,1976,1977,1977,1982,1983,1993,2004,|,17,1,6,6
772,restaurante,|,1981,1982,2003,2003,2004,2011,2019,|,30,1,1,22
773,restaurante,|,1982,1983,2028,2005,2028,2042,2056,|,60,1,0,23
774,farmacia,|,1985,1986,1986,1989,1989,1999,2009,|,14,1,3,4
775,restaurante,|,1989,1989,2012,2026,2027,2042,2054,|,53,0,15,37
776,restaurante,|,1991,1997,2011,2013,2014,2028,2043,|,37,6,3,22
777,restaurante,|,1995,1996,2007,2007,2009,2017,2026,|,22,1,2,12
778,restaurante,|,1998,2007,2036,2010,2036,2049,2062,|,51,9,0,12
779,restaurante,|,2001,2012,2024,2020,2024,2040,2056,|,39,11,0,19
780,restaurante,|,2005,2030,2069,2021,2069,2079,2089,|,74,25,0,16
781,restaurante,|,2008,2009,2038,2030,2038,2050,2063,|,42,1,0,22
782,almacen,|,2009,2009,2009,2011,2012,2020,2029,|,11,0,3,2
783,restaurante,|,2014,2039,2055,2043,2055,2069,2084,|,55,25,0,29
784,restaurante,|,2019,2020,2057,2044,2057,2070,2083,|,51,1,0,25
785,farmacia,|,2023,2024,2024,2027,2027,2040,2054,|,17,1,3,4
786,restaurante,|,2023,2024,2041,2064,2056,2071,2087,|,48,1,15,41
787,restaurante,|,2025,2026,2043,2069,2064,2082,2101,|,57,1,21,44
788,almacen,|,2028,2029,2029,2035,2036,2051,2067,|,23,1,7,7
789,restaurante,|,2028,2030,2056,2070,2056,2071,2087,|,43,2,0,42
790,almacen,|,2029,2030,2030,2038,2040,2055,2071,|,26,1,10,9
791,restaurante,|,2029,2041,2060,2055,2065,2084,2104,|,55,12,5,26
792,restaurante,|,2029,2030,2077,2062,2077,2086,2095,|,57,1,0,33
793,restaurante,|,2030,2056,2075,2045,2075,2083,2091,|,53,26,0,15
794,restaurante,|,2032,2033,2058,2059,2060,2072,2085,|,40,1,2,27
795,restaurante,|,2036,2069,2092,2058,2092,2103,2115,|,67,33,0,22
796,restaurante,|,2041,2043,2084,2063,2084,2092,2101,|,51,2,0,22
797,restaurante,|,2042,2043,2064,2091,2091,2110,2130,|,68,1,27,49
798,restaurante,|,2046,2046,2076,2068,2076,2083,2090,|,37,0,0,22
799,farmacia,|,2046,2047,2047,2056,2057,2062,2068,|,16,1,10,10
800,restaurante,|,2048,2064,2085,2090,2091,2107,2124,|,59,16,6,42
801,restaurante,|,2052,2052,2087,2074,2087,2099,2111,|,47,0,0,22
802,farmacia,|,2052,2053,2053,2057,2058,2065,2073,|,13,1,5,5
803,restaurante,|,2056,2058,2096,2088,2096,2103,2111,|,47,2,0,32
804,restaurante,|,2059,2060,2075,2072,2075,2083,2091,|,24,1,0,13
805,restaurante,|,2062,2063,2106,2092,2106,2123,2140,|,61,1,0,30
806,restaurante,|,2062,2105,2137,2084,2137,2145,2153,|,83,43,0,22
807,restaurante,|,2067,2075,2105,2089,2105,2112,2120,|,45,8,0,22
808,restaurante,|,2071,2071,2101,2096,2101,2108,2115,|,37,0,0,25
809,restaurante,|,2076,2137,2181,2103,2181,2197,2214,|,121,61,0,27
810,almacen,|,2076,2077,2077,2085,2086,2098,2111,|,22,1,9,9
811,almacen,|,2080,2081,2081,2086,2087,2097,2108,|,17,1,6,6
812,restaurante,|,2085,2086,2094,2105,2106,2117,2129,|,32,1,12,20
813,restaurante,|,2089,2090,2128,2109,2128,2133,2138,|,44,1,0,20
814,farmacia,|,2092,2093,2093,2093,2094,2103,2113,|,11,1,1,1
815,farmacia,|,2094,2095,2095,2102,2103,2113,2124,|,19,1,8,8
816,restaurante,|,2094,2106,2125,2112,2125,2140,2156,|,46,12,0,18
817,restaurante,|,2096,2097,2125,2117,2125,2142,2159,|,46,1,0,21
818,restaurante,|,2096,2097,2118,2121,2118,2137,2156,|,41,1,0,25
819,restaurante,|,2099,2100,2129,2114,2129,2139,2149,|,40,1,0,15
820,restaurante,|,2101,2118,2161,2113,2161,2173,2186,|,72,17,0,12
821,restaurante,|,2106,2107,2131,2131,2132,2147,2163,|,41,1,1,25
822,restaurante,|,2110,2125,2171,2115,2171,2182,2194,|,72,15,0,5
823,restaurante,|,2114,2115,2160,2159,2160,2178,2196,|,64,1,0,45
824,restaurante,|,2115,2116,2142,2125,2142,2156,2170,|,41,1,0,10
825,restaurante,|,2115,2116,2138,2116,2138,2142,2147,|,27,1,0,1
826,restaurante,|,2115,2116,2157,2160,2157,2176,2195,|,61,1,0,45
827,restaurante,|,2118,2161,2178,2148,2178,2193,2209,|,75,43,0,30
828,restaurante,|,2120,2157,2204,2139,2204,2215,2226,|,95,37,0,19
829,restaurante,|,2122,2123,2144,2126,2144,2150,2156,|,28,1,0,4
830,almacen,|,2126,2127,2127,2130,2131,2137,2144,|,11,1,4,4
831,restaurante,|,2130,2131,2148,2150,2151,2157,2164,|,27,1,3,20
832,restaurante,|,2130,2142,2179,2161,2179,2199,2219,|,69,12,0,31
833,restaurante,|,2130,2131,2166,2158,2166,2171,2176,|,41,1,0,28
834,restaurante,|,2131,2132,2154,2154,2154,2166,2180,|,35,1,0,23
835,farmacia,|,2135,2136,2136,2141,2142,2160,2176,|,25,1,6,6
836,farmacia,|,2139,2140,2140,2145,2145,2152,2160,|,13,1,5,6
837,restaurante,|,2143,2154,2189,2171,2189,2206,2223,|,63,11,0,28
838,restaurante,|,2147,2148,2186,2191,2188,2198,2208,|,51,1,2,44
839,restaurante,|,2148,2149,2165,2177,2178,2184,2191,|,36,1,13,29
840,almacen,|,2151,2152,2152,2157,2158,2176,2195,|,25,1,6,6
841,restaurante,|,2154,2155,2186,2181,2186,2194,2202,|,40,1,0,27
842,restaurante,|,2157,2160,2181,2164,2181,2185,2190,|,28,3,0,7
843,almacen,|,2162,2163,2163,2165,2166,2182,2197,|,20,1,3,3
844,restaurante,|,2164,2179,2190,2178,2190,2202,2214,|,38,15,0,14
845,restaurante,|,2168,2186,2198,2187,2198,2203,2209,|,35,18,0,19
846,restaurante,|,2171,2172,2185,2198,2199,2214,2230,|,43,1,14,27
847,restaurante,|,2171,2172,2202,2215,2202,2220,2238,|,49,1,0,44
848,restaurante,|,2173,2202,2245,2192,2245,2264,2283,|,91,29,0,19
849,restaurante,|,2173,2173,2219,2196,2219,2228,2237,|,55,0,0,23
850,restaurante,|,2177,2219,2254,2195,2254,2262,2270,|,85,42,0,18
851,restaurante,|,2181,2181,2193,2209,2210,2229,2249,|,48,0,17,28
852,restaurante,|,2183,2183,2206,2197,2206,2212,2218,|,29,0,0,14
853,restaurante,|,2187,2188,2212,2203,2212,2224,2236,|,37,1,0,16
854,restaurante,|,2192,2192,2205,2237,2220,2233,2247,|,41,0,15,45
855,restaurante,|,2196,2205,2240,2219,2240,2255,2270,|,59,9,0,23
856,restaurante,|,2198,2200,2213,2199,2213,2218,2223,|,20,2,0,1
857,restaurante,|,2201,2202,2241,2224,2241,2253,2266,|,52,1,0,23
858,restaurante,|,2203,2206,2227,2210,2227,2235,2243,|,32,3,0,7
859,restaurante,|,2208,2209,2224,2211,2224,2232,2240,|,24,1,0,3
860,restaurante,|,2211,2212,2234,2216,2234,2241,2248,|,30,1,0,5
861,restaurante,|,2211,2254,2288,2225,2288,2302,2316,|,91,43,0,14
862,restaurante,|,2215,2243,2276,2227,2276,2285,2294,|,70,28,0,12
863,restaurante,|,2217,2224,2243,2238,2243,2258,2273,|,41,7,0,21
864,restaurante,|,2217,2218,2236,2220,2236,2242,2248,|,25,1,0,3
865,restaurante,|,2220,2221,2234,2241,2242,2252,2263,|,32,1,8,21
866,restaurante,|,2222,2227,2271,2231,2271,2279,2287,|,57,5,0,9
867,restaurante,|,2223,2224,2246,2264,2265,2283,2302,|,60,1,19,41
868,restaurante,|,2228,2271,2309,2250,2309,2324,2339,|,96,43,0,22
869,restaurante,|,2229,2229,2256,2239,2256,2263,2270,|,34,0,0,10
870,restaurante,|,2233,2234,2282,2251,2282,2286,2291,|,53,1,0,18
871,restaurante,|,2238,2239,2264,2284,2272,2288,2305,|,50,1,8,46
872,farmacia,|,2240,2240,2240,2244,2245,2262,2280,|,22,0,5,4
873,almacen,|,2241,2242,2242,2248,2249,2259,2270,|,18,1,7,7
874,almacen,|,2245,2247,2247,2249,2250,2258,2267,|,13,2,3,4
875,restaurante,|,2246,2247,2276,2288,2289,2305,2322,|,59,1,13,42
876,restaurante,|,2248,2264,2298,2271,2298,2308,2318,|,60,16,0,23
877,restaurante,|,2248,2249,2288,2272,2288,2292,2297,|,44,1,0,24
878,restaurante,|,2248,2249,2285,2273,2285,2291,2297,|,43,1,0,25
879,restaurante,|,2252,2253,2296,2274,2296,2307,2318,|,55,1,0,22
880,restaurante,|,2256,2257,2282,2275,2282,2287,2292,|,31,1,0,19
881,restaurante,|,2256,2257,2272,2299,2300,2318,2337,|,62,1,28,43
882,farmacia,|,2256,2257,2257,2267,2268,2274,2281,|,18,1,11,11
883,restaurante,|,2261,2262,2305,2282,2305,2311,2317,|,50,1,0,21
884,farmacia,|,2266,2268,2268,2268,2268,2283,2298,|,17,2,0,2
885,restaurante,|,2266,2298,2326,2293,2326,2346,2366,|,80,32,0,27
886,restaurante,|,2269,2282,2320,2317,2320,2335,2351,|,66,13,0,48
887,restaurante,|,2271,2288,2327,2298,2327,2347,2367,|,76,17,0,27
888,restaurante,|,2274,2275,2287,2281,2287,2296,2305,|,22,1,0,7
889,restaurante,|,2277,2278,2321,2323,2324,2343,2362,|,66,1,3,46
890,restaurante,|,2279,2287,2318,2295,2318,2327,2336,|,48,8,0,16
891,restaurante,|,2281,2282,2327,2306,2327,2334,2341,|,53,1,0,25
892,restaurante,|,2285,2326,2368,2318,2368,2383,2398,|,98,41,0,33
893,almacen,|,2286,2287,2287,2292,2293,2310,2328,|,24,1,6,6
894,restaurante,|,2286,2318,2360,2300,2360,2365,2370,|,79,32,0,14
895,restaurante,|,2289,2290,2303,2320,2321,2326,2332,|,37,1,18,31
896,restaurante,|,2292,2293,2308,2319,2320,2325,2331,|,33,1,12,27
897,restaurante,|,2297,2305,2351,2337,2351,2368,2385,|,71,8,0,40
898,almacen,|,2300,2301,2301,2303,2304,2323,2343,|,23,1,3,3
899,restaurante,|,2302,2303,2311,2332,2333,2344,2356,|,42,1,22,30
900,farmacia,|,2304,2305,2305,2307,2308,2319,2331,|,15,1,3,3
901,restaurante,|,2309,2310,2355,2354,2355,2373,2392,|,64,1,0,45
902,restaurante,|,2311,2312,2342,2334,2342,2348,2354,|,37,1,0,23
903,restaurante,|,2311,2355,2383,2340,2383,2402,2421,|,91,44,0,29
904,restaurante,|,2313,2342,2357,2333,2357,2363,2370,|,50,29,0,20
905,restaurante,|,2317,2318,2352,2363,2364,2383,2403,|,66,1,12,46
906,restaurante,|,2321,2322,2365,2342,2365,2372,2379,|,51,1,0,21
907,almacen,|,2322,2323,2323,2329,2330,2341,2353,|,19,1,7,7
908,restaurante,|,2327,2329,2352,2352,2353,2361,2370,|,34,2,1,25
909,restaurante,|,2329,2330,2344,2357,2358,2375,2393,|,46,1,14,28
910,restaurante,|,2332,2333,2359,2355,2359,2371,2383,|,39,1,0,23
911,farmacia,|,2337,2337,2337,2338,2339,2352,2366,|,15,0,2,1
912,restaurante,|,2341,2360,2375,2344,2375,2382,2389,|,41,19,0,3
913,restaurante,|,2345,2368,2393,2368,2393,2408,2424,|,63,23,0,23
914,restaurante,|,2348,2349,2388,2369,2388,2396,2404,|,48,1,0,21
915,restaurante,|,2349,2350,2364,2367,2368,2374,2381,|,25,1,4,18
916,restaurante,|,2349,2350,2376,2371,2376,2381,2386,|,32,1,0,22
917,restaurante,|,2354,2355,2382,2386,2387,2392,2398,|,38,1,5,32
918,restaurante,|,2358,2359,2390,2382,2390,2403,2417,|,45,1,0,24
919,restaurante,|,2363,2364,2386,2373,2386,2392,2398,|,29,1,0,10
920,restaurante,|,2368,2383,2405,2387,2405,2424,2444,|,56,15,0,19
921,almacen,|,2371,2372,2372,2372,2373,2381,2390,|,10,1,1,1
922,farmacia,|,2373,2374,2374,2380,2381,2396,2412,|,23,1,7,7
923,restaurante,|,2378,2379,2422,2390,2422,2430,2439,|,52,1,0,12
924,almacen,|,2382,2383,2383,2384,2385,2391,2398,|,9,1,2,2
925,restaurante,|,2386,2387,2419,2393,2419,2434,2449,|,48,1,0,7
926,farmacia,|,2390,2391,2391,2391,2392,2401,2411,|,11,1,1,1
927,almacen,|,2394,2395,2395,2395,2395,2410,2425,|,16,1,0,1
928,restaurante,|,2396,2397,2426,2399,2426,2433,2442,|,37,1,0,3
929,restaurante,|,2401,2419,2446,2402,2446,2452,2458,|,51,18,0,1
930,restaurante,|,2404,2405,2444,2405,2444,2450,2456,|,46,1,0,1
931,restaurante,|,2407,2408,2427,2408,2427,2434,2443,|,27,1,0,1
932,restaurante,|,2408,2408,2435,2409,2435,2453,2471,|,45,0,0,1
933,restaurante,|,2411,2412,2457,2412,2457,2469,2482,|,58,1,0,1
934,farmacia,|,2415,2416,2416,2416,2416,2422,2428,|,7,1,0,1
935,restaurante,|,2419,2421,2442,2420,2442,2458,2474,|,39,2,0,1
936,restaurante,|,2421,2435,2465,2422,2465,2477,2491,|,56,14,0,1
937,almacen,|,2425,2426,2426,2426,2426,2444,2462,|,19,1,0,1
938,restaurante,|,2428,2442,2476,2429,2476,2489,2503,|,61,14,0,1
939,farmacia,|,2433,2434,2434,2434,2434,2442,2449,|,9,1,0,1
940,restaurante,|,2438,2440,2467,2439,2467,2480,2494,|,42,2,0,1
941,restaurante,|,2443,2444,2458,2444,2458,2472,2487,|,29,1,0,1
942,restaurante,|,2446,2458,2471,2447,2471,2485,2499,|,39,12,0,1
943,restaurante,|,2451,2452,2483,2452,2483,2502,2521,|,51,1,0,1
944,restaurante,|,2455,2476,2508,2456,2508,2515,2522,|,60,21,0,1
945,restaurante,|,2455,2456,2489,2457,2489,2505,2521,|,50,1,0,2
946,farmacia,|,2459,2459,2459,2460,2461,2469,2477,|,10,0,2,1
947,restaurante,|,2464,2489,2520,2465,2520,2530,2540,|,66,25,0,1
948,almacen,|,2465,2466,2466,2466,2466,2480,2496,|,15,1,0,1
949,almacen,|,2470,2471,2471,2471,2471,2488,2505,|,18,1,0,1
950,farmacia,|,2475,2476,2476,2476,2478,2483,2490,|,8,1,2,1
951,restaurante,|,2476,2477,2485,2477,2485,2502,2519,|,26,1,0,1
952,restaurante,|,2479,2480,2522,2480,2522,2534,2547,|,55,1,0,1
953,restaurante,|,2483,2508,2551,2484,2551,2559,2568,|,76,25,0,1
954,restaurante,|,2485,2486,2500,2488,2500,2507,2516,|,22,1,0,3
955,restaurante,|,2486,2488,2518,2492,2518,2526,2534,|,40,2,0,6
956,almacen,|,2488,2489,2489,2491,2492,2503,2515,|,15,1,3,3
957,restaurante,|,2490,2491,2513,2495,2513,2531,2549,|,41,1,0,5
958,almacen,|,2495,2496,2496,2497,2498,2515,2533,|,20,1,2,2
959,restaurante,|,2497,2520,2538,2500,2538,2547,2556,|,50,23,0,3
960,restaurante,|,2499,2518,2541,2504,2541,2553,2566,|,54,19,0,5
961,restaurante,|,2501,2502,2525,2506,2525,2534,2543,|,33,1,0,5
962,restaurante,|,2506,2507,2535,2516,2535,2547,2560,|,41,1,0,10
963,restaurante,|,2506,2507,2516,2517,2518,2537,2558,|,31,1,2,11
964,restaurante,|,2509,2510,2531,2520,2531,2540,2550,|,31,1,0,11
965,restaurante,|,2513,2525,2569,2534,2569,2584,2601,|,71,12,0,21
966,restaurante,|,2515,2516,2547,2524,2547,2562,2577,|,47,1,0,9
967,restaurante,|,2518,2519,2562,2522,2562,2569,2577,|,51,1,0,4
968,restaurante,|,2521,2522,2563,2523,2563,2571,2579,|,50,1,0,2
969,restaurante,|,2525,2526,2556,2548,2556,2567,2578,|,42,1,0,23
970,restaurante,|,2527,2528,2549,2576,2577,2596,2617,|,69,1,28,49
971,almacen,|,2528,2529,2529,2535,2536,2555,2575,|,27,1,7,7
972,almacen,|,2529,2530,2530,2541,2542,2560,2579,|,31,1,12,12
973,restaurante,|,2531,2532,2559,2579,2580,2594,2610,|,63,1,21,48
974,farmacia,|,2536,2537,2537,2544,2545,2552,2560,|,16,1,8,8
975,restaurante,|,2536,2537,2573,2551,2573,2581,2589,|,45,1,0,15
976,restaurante,|,2540,2541,2554,2562,2563,2576,2590,|,36,1,9,22
977,restaurante,|,2541,2547,2566,2581,2582,2595,2609,|,54,6,16,40
978,restaurante,|,2544,2562,2589,2561,2589,2594,2601,|,50,18,0,17
979,restaurante,|,2544,2556,2600,2582,2600,2619,2638,|,75,12,0,38
980,restaurante,|,2544,2545,2567,2589,2590,2600,2610,|,56,1,23,45
981,almacen,|,2545,2546,2546,2550,2551,2558,2566,|,13,1,5,5
982,restaurante,|,2550,2551,2557,2557,2558,2565,2572,|,15,1,1,7
983,restaurante,|,2551,2552,2565,2578,2579,2590,2599,|,39,1,14,27
984,farmacia,|,2554,2555,2555,2559,2560,2570,2581,|,16,1,5,5
985,restaurante,|,2559,2573,2588,2580,2588,2595,2602,|,36,14,0,21
986,farmacia,|,2562,2563,2563,2567,2568,2577,2587,|,15,1,5,5
987,restaurante,|,2564,2565,2582,2587,2588,2594,2604,|,30,1,6,23
988,almacen,|,2565,2566,2566,2573,2574,2580,2587,|,15,1,8,8
989,farmacia,|,2565,2566,2566,2568,2569,2577,2586,|,12,1,3,3
990,farmacia,|,2567,2568,2568,2569,2571,2588,2607,|,21,1,3,2
991,restaurante,|,2572,2573,2584,2590,2591,2600,2609,|,28,1,7,18
992,restaurante,|,2576,2577,2589,2583,2589,2598,2606,|,22,1,0,7
993,restaurante,|,2581,2600,2625,2600,2625,2634,2643,|,53,19,0,19
994,restaurante,|,2582,2583,2593,2602,2603,2619,2636,|,37,1,10,20
995,restaurante,|,2582,2583,2622,2591,2622,2629,2636,|,47,1,0,9
996,farmacia,|,2585,2586,2586,2588,2589,2593,2599,|,8,1,3,3
997,restaurante,|,2588,2588,2633,2604,2633,2650,2667,|,62,0,0,16
998,restaurante,|,2588,2589,2625,2601,2625,2633,2641,|,45,1,0,13
999,restaurante,|,2590,2591,2606,2603,2606,2619,2633,|,29,1,0,13
