ID,Tipo de Comercio,|,Ingreso,Inicio Elaboración,Fin Elaboración,Asignación de repartidor,Inicio Envio,Fin Envio,Repartidor Listo,|,Demora total del Pedido,Retraso de comienzo de elaboración,Espera con pedido elaborado,Tiempo para asignar repartidor,,Elaboración,Distancia
0,restaurante,|,0,1,30,1,30,45,61,|,45,1,0,1,,29,15
1,restaurante,|,0,1,39,2,39,57,75,|,57,1,0,2,,38,18
2,restaurante,|,2,3,21,3,21,30,39,|,28,1,0,1,,18,9
3,restaurante,|,7,8,50,8,50,54,59,|,47,1,0,1,,42,4
4,farmacia,|,9,10,10,10,10,21,32,|,12,1,0,1,,0,11
5,restaurante,|,10,11,34,12,34,52,71,|,42,1,0,2,,23,18
6,farmacia,|,10,11,11,11,12,19,27,|,9,1,1,1,,0,7
7,restaurante,|,15,16,30,16,30,39,49,|,24,1,0,1,,14,9
8,restaurante,|,17,34,68,18,68,77,86,|,60,17,0,1,,34,9
9,restaurante,|,19,20,51,20,51,64,77,|,45,1,0,1,,31,13
10,restaurante,|,21,22,34,22,34,47,61,|,26,1,0,1,,12,13
11,restaurante,|,25,26,38,27,38,49,60,|,24,1,0,2,,12,11
12,farmacia,|,25,26,26,26,26,46,66,|,21,1,0,1,,0,20
13,restaurante,|,25,26,36,28,36,49,62,|,24,1,0,3,,10,13
14,restaurante,|,29,38,73,30,73,89,105,|,60,9,0,1,,35,16
15,restaurante,|,31,32,76,32,76,89,102,|,58,1,0,1,,44,13
16,restaurante,|,33,73,110,34,110,117,125,|,84,40,0,1,,37,7
17,almacen,|,36,37,37,40,41,47,54,|,11,1,4,4,,0,6
18,almacen,|,41,42,42,50,51,66,82,|,25,1,9,9,,0,15
19,farmacia,|,43,44,44,55,56,69,83,|,26,1,12,12,,0,13
20,restaurante,|,43,44,85,60,85,90,95,|,47,1,0,17,,41,5
21,restaurante,|,48,49,87,72,87,106,126,|,58,1,0,24,,38,19
22,restaurante,|,48,51,77,67,77,96,115,|,48,3,0,19,,26,19
23,restaurante,|,50,51,94,61,94,101,109,|,51,1,0,11,,43,7
24,restaurante,|,53,54,89,78,89,104,119,|,51,1,0,25,,35,15
25,restaurante,|,57,58,90,62,90,100,110,|,43,1,0,5,,32,10
26,restaurante,|,58,89,126,63,126,139,152,|,81,31,0,5,,37,13
27,farmacia,|,63,64,64,64,64,84,104,|,21,1,0,1,,0,20
28,farmacia,|,68,69,69,76,77,85,94,|,17,1,8,8,,0,8
29,restaurante,|,69,77,112,95,112,127,142,|,58,8,0,26,,35,15
30,restaurante,|,69,76,120,103,120,135,151,|,66,7,0,34,,44,15
31,restaurante,|,71,85,128,87,128,137,146,|,66,14,0,16,,43,9
32,restaurante,|,74,75,98,97,98,113,128,|,39,1,0,23,,23,15
33,farmacia,|,77,78,78,83,84,88,93,|,11,1,6,6,,0,4
34,restaurante,|,78,126,164,96,164,180,196,|,102,48,0,18,,38,16
35,almacen,|,82,83,83,84,85,89,94,|,7,1,2,2,,0,4
36,restaurante,|,82,83,124,105,124,137,150,|,55,1,0,23,,41,13
37,restaurante,|,84,85,123,111,123,138,153,|,54,1,0,27,,38,15
38,farmacia,|,87,89,89,94,95,104,114,|,17,2,6,7,,0,9
39,restaurante,|,89,90,128,116,128,139,150,|,50,1,0,27,,38,11
40,restaurante,|,90,91,128,129,128,148,168,|,58,1,0,39,,37,20
41,restaurante,|,93,128,158,126,158,176,194,|,83,35,0,33,,30,18
42,restaurante,|,96,97,141,151,152,167,183,|,71,1,11,55,,44,15
43,restaurante,|,98,112,151,115,151,160,170,|,62,14,0,17,,39,9
44,restaurante,|,101,128,173,106,173,180,187,|,79,27,0,5,,45,7
45,restaurante,|,103,123,146,120,146,158,170,|,55,20,0,17,,23,12
46,restaurante,|,105,106,128,155,156,174,193,|,69,1,28,50,,22,18
47,restaurante,|,106,107,124,110,124,129,134,|,23,1,0,4,,17,5
48,restaurante,|,109,110,133,164,165,181,198,|,72,1,32,55,,23,16
49,restaurante,|,114,158,193,127,193,201,209,|,87,44,0,13,,35,8
50,restaurante,|,118,146,173,153,173,179,185,|,61,28,0,35,,27,6
51,restaurante,|,121,124,166,171,172,188,205,|,67,3,6,50,,42,16
52,restaurante,|,126,127,141,154,155,168,182,|,42,1,14,28,,14,13
53,almacen,|,129,129,129,135,136,151,167,|,22,0,7,6,,0,15
54,almacen,|,132,133,133,143,144,158,173,|,26,1,11,11,,0,14
55,restaurante,|,135,136,167,183,184,193,203,|,58,1,17,48,,31,9
56,restaurante,|,139,140,160,217,206,220,235,|,81,1,46,78,,20,14
57,almacen,|,141,142,142,147,148,155,163,|,14,1,6,6,,0,7
58,restaurante,|,141,142,179,194,195,206,218,|,65,1,16,53,,37,11
59,restaurante,|,143,164,188,172,188,205,222,|,62,21,0,29,,24,17
60,restaurante,|,143,144,178,169,178,191,204,|,48,1,0,26,,34,13
61,restaurante,|,147,148,178,204,189,205,222,|,58,1,11,57,,30,16
62,farmacia,|,148,149,149,152,153,170,188,|,22,1,4,4,,0,17
63,restaurante,|,149,167,189,210,211,225,240,|,76,18,22,61,,22,14
64,restaurante,|,151,152,183,208,200,212,225,|,61,1,17,57,,31,12
65,restaurante,|,151,178,188,168,188,202,216,|,51,27,0,17,,10,14
66,restaurante,|,151,152,168,174,175,181,188,|,30,1,7,23,,16,6
67,restaurante,|,156,157,170,206,207,226,246,|,70,1,37,50,,13,19
68,restaurante,|,157,178,198,188,205,224,244,|,67,21,7,31,,20,19
69,restaurante,|,162,163,186,190,190,198,207,|,36,1,4,28,,23,8
70,restaurante,|,165,188,225,197,225,244,264,|,79,23,0,32,,37,19
71,restaurante,|,167,168,197,220,218,233,249,|,66,1,21,53,,29,15
72,restaurante,|,167,168,179,195,196,208,221,|,41,1,17,28,,11,12
73,restaurante,|,168,186,207,189,207,213,219,|,45,18,0,21,,21,6
74,restaurante,|,170,171,192,224,225,240,256,|,70,1,33,54,,21,15
75,restaurante,|,175,183,217,199,217,223,229,|,48,8,0,24,,34,6
76,restaurante,|,178,188,229,200,229,238,247,|,60,10,0,22,,41,9
77,farmacia,|,179,180,180,184,185,191,198,|,12,1,5,5,,0,6
78,restaurante,|,182,189,204,230,226,243,261,|,61,7,22,48,,15,17
79,restaurante,|,182,217,250,219,250,263,276,|,81,35,0,37,,33,13
80,farmacia,|,183,184,184,186,187,205,224,|,22,1,3,3,,0,18
81,restaurante,|,185,197,207,205,221,233,246,|,48,12,14,20,,10,12
82,restaurante,|,188,189,203,262,263,278,294,|,90,1,60,74,,14,15
83,restaurante,|,190,191,236,249,236,254,272,|,64,1,0,59,,45,18
84,restaurante,|,191,192,214,223,224,235,247,|,44,1,10,32,,22,11
85,restaurante,|,194,236,250,226,250,266,282,|,72,42,0,32,,14,16
86,restaurante,|,195,196,227,250,248,263,279,|,68,1,21,55,,31,15
87,restaurante,|,198,204,241,225,241,250,260,|,52,6,0,27,,37,9
88,restaurante,|,203,227,265,247,265,274,284,|,71,24,0,44,,38,9
89,restaurante,|,203,204,219,257,258,267,277,|,64,1,39,54,,15,9
90,restaurante,|,206,207,219,245,246,256,267,|,50,1,27,39,,12,10
91,restaurante,|,211,212,251,282,251,267,283,|,56,1,0,71,,39,16
92,almacen,|,214,215,215,222,223,234,246,|,20,1,8,8,,0,11
93,restaurante,|,215,250,267,252,267,283,299,|,68,35,0,37,,17,16
94,restaurante,|,220,251,291,248,291,297,303,|,77,31,0,28,,40,6
95,restaurante,|,225,226,253,261,262,272,283,|,47,1,9,36,,27,10
96,restaurante,|,228,229,268,279,280,297,315,|,69,1,12,51,,39,17
97,farmacia,|,230,231,231,236,237,247,258,|,17,1,6,6,,0,10
98,farmacia,|,230,232,232,241,242,260,279,|,30,2,10,11,,0,18
99,restaurante,|,232,233,243,263,264,272,281,|,40,1,21,31,,10,8
100,restaurante,|,235,236,256,265,266,273,281,|,38,1,10,30,,20,7
101,almacen,|,240,241,241,251,252,256,261,|,16,1,11,11,,0,4
102,restaurante,|,243,250,260,268,269,273,278,|,30,7,9,25,,10,4
103,restaurante,|,243,244,259,273,274,286,299,|,43,1,15,30,,15,12
104,restaurante,|,248,249,274,300,301,315,330,|,67,1,27,52,,25,14
105,almacen,|,248,249,249,259,260,276,293,|,28,1,11,11,,0,16
106,restaurante,|,249,250,279,277,279,289,300,|,40,1,0,28,,29,10
107,restaurante,|,251,252,296,280,296,308,320,|,57,1,0,29,,44,12
108,restaurante,|,251,260,275,286,287,298,310,|,47,9,12,35,,15,11
109,restaurante,|,253,254,292,301,296,315,335,|,62,1,4,48,,38,19
110,restaurante,|,253,254,292,281,292,301,310,|,48,1,0,28,,38,9
111,restaurante,|,255,256,275,302,285,299,314,|,44,1,10,47,,19,14
112,restaurante,|,259,291,314,278,314,318,323,|,59,32,0,19,,23,4
113,restaurante,|,260,261,302,283,302,306,311,|,46,1,0,23,,41,4
114,restaurante,|,264,265,296,287,296,305,314,|,41,1,0,23,,31,9
115,restaurante,|,266,292,331,295,331,349,368,|,83,26,0,29,,39,18
116,restaurante,|,271,275,286,294,295,310,326,|,39,4,9,23,,11,15
117,restaurante,|,273,286,299,284,303,313,324,|,40,13,4,11,,13,10
118,restaurante,|,278,279,295,285,295,302,310,|,24,1,0,7,,16,7
119,restaurante,|,283,284,329,327,329,348,367,|,65,1,0,44,,45,19
120,restaurante,|,285,296,317,316,317,333,350,|,48,11,0,31,,21,16
121,restaurante,|,285,286,319,331,332,346,361,|,61,1,13,46,,33,14
122,restaurante,|,289,290,314,360,347,362,378,|,73,1,33,71,,24,15
123,restaurante,|,291,292,334,313,334,341,348,|,50,1,0,22,,42,7
124,restaurante,|,292,293,311,317,311,330,349,|,38,1,0,25,,18,19
125,restaurante,|,293,296,329,348,349,364,380,|,71,3,20,55,,33,15
126,restaurante,|,294,295,329,315,329,337,345,|,43,1,0,21,,34,8
127,restaurante,|,296,311,336,304,336,341,347,|,45,15,0,8,,25,5
128,restaurante,|,298,302,325,325,326,342,359,|,44,4,1,27,,23,16
129,restaurante,|,299,300,339,352,339,358,377,|,59,1,0,53,,39,19
130,restaurante,|,301,329,361,314,361,373,385,|,72,28,0,13,,32,12
131,almacen,|,303,304,304,311,312,329,347,|,26,1,8,8,,0,17
132,almacen,|,305,306,306,312,312,318,325,|,13,1,6,7,,0,6
133,restaurante,|,305,339,374,336,374,393,413,|,88,34,0,31,,35,19
134,restaurante,|,309,310,329,321,329,336,343,|,27,1,0,12,,19,7
135,restaurante,|,313,314,345,344,345,359,373,|,46,1,0,31,,31,14
136,restaurante,|,314,315,329,346,361,371,382,|,57,1,32,32,,14,10
137,restaurante,|,314,345,383,326,383,391,400,|,77,31,0,12,,38,8
138,almacen,|,318,319,319,324,325,343,362,|,25,1,6,6,,0,18
139,restaurante,|,320,383,415,350,415,427,439,|,107,63,0,30,,32,12
140,restaurante,|,322,323,363,351,363,369,376,|,47,1,0,29,,40,6
141,restaurante,|,326,327,337,378,379,393,408,|,67,1,42,52,,10,14
142,restaurante,|,329,330,343,374,375,382,390,|,53,1,32,45,,13,7
143,restaurante,|,333,334,361,380,370,385,401,|,52,1,9,47,,27,15
144,restaurante,|,338,339,380,363,380,391,403,|,53,1,0,25,,41,11
145,restaurante,|,340,341,361,368,369,373,378,|,33,1,8,28,,20,4
146,almacen,|,341,342,342,349,350,368,387,|,27,1,8,8,,0,18
147,restaurante,|,343,361,377,402,402,418,435,|,75,18,25,59,,16,16
148,restaurante,|,347,380,418,362,418,429,440,|,82,33,0,15,,38,11
149,restaurante,|,348,349,362,400,401,419,438,|,71,1,39,52,,13,18
150,restaurante,|,350,361,406,369,406,418,430,|,68,11,0,19,,45,12
151,restaurante,|,351,352,377,379,380,389,399,|,38,1,3,28,,25,9
152,restaurante,|,355,356,386,386,387,395,404,|,40,1,1,31,,30,8
153,restaurante,|,357,358,401,381,401,414,428,|,57,1,0,24,,43,13
154,restaurante,|,359,360,379,406,384,403,423,|,44,1,5,47,,19,19
155,restaurante,|,362,418,437,391,437,454,471,|,92,56,0,29,,19,17
156,restaurante,|,367,379,395,383,407,417,428,|,50,12,12,16,,16,10
157,restaurante,|,369,370,412,401,412,420,428,|,51,1,0,32,,42,8
158,farmacia,|,372,373,373,377,378,391,405,|,19,1,5,5,,0,13
159,restaurante,|,373,374,386,430,425,440,456,|,67,1,39,57,,12,15
160,restaurante,|,378,379,399,433,405,417,430,|,39,1,6,55,,20,12
161,restaurante,|,383,384,411,415,415,422,430,|,39,1,4,32,,27,7
162,restaurante,|,383,384,425,409,425,436,447,|,53,1,0,26,,41,11
163,restaurante,|,384,413,444,404,444,458,472,|,74,29,0,20,,31,14
164,farmacia,|,385,386,386,388,389,401,414,|,16,1,3,3,,0,12
165,restaurante,|,387,388,426,424,431,442,454,|,55,1,5,37,,38,11
166,restaurante,|,390,406,420,414,420,431,442,|,41,16,0,24,,14,11
167,restaurante,|,391,437,452,429,452,470,488,|,79,46,0,38,,15,18
168,restaurante,|,396,399,413,431,432,438,445,|,42,3,19,35,,14,6
169,almacen,|,399,400,400,405,406,418,431,|,19,1,6,6,,0,12
170,restaurante,|,404,405,438,440,441,460,480,|,56,1,3,36,,33,19
171,restaurante,|,407,452,492,432,492,501,510,|,94,45,0,25,,40,9
172,restaurante,|,409,410,455,435,455,461,467,|,52,1,0,26,,45,6
173,restaurante,|,414,455,494,436,494,511,528,|,97,41,0,22,,39,17
174,restaurante,|,418,419,440,443,444,462,481,|,44,1,4,25,,21,18
175,restaurante,|,422,423,436,441,442,451,461,|,29,1,6,19,,13,9
176,restaurante,|,427,492,531,439,531,538,545,|,111,65,0,12,,39,7
177,restaurante,|,429,430,443,449,450,468,487,|,39,1,7,20,,13,18
178,almacen,|,429,430,430,434,435,441,448,|,12,1,5,5,,0,6
179,restaurante,|,434,438,454,446,454,459,464,|,25,4,0,12,,16,5
180,restaurante,|,435,436,465,482,482,499,517,|,64,1,17,47,,29,17
181,restaurante,|,440,441,472,483,484,501,520,|,61,1,12,43,,31,17
182,restaurante,|,443,454,476,480,481,495,510,|,52,11,5,37,,22,14
183,almacen,|,444,445,445,448,449,464,480,|,20,1,4,4,,0,15
184,restaurante,|,447,448,491,490,491,507,523,|,60,1,0,43,,43,16
185,restaurante,|,449,450,461,455,461,470,479,|,21,1,0,6,,11,9
186,restaurante,|,449,465,484,481,484,501,519,|,52,16,0,32,,19,17
187,restaurante,|,450,451,487,462,487,493,499,|,43,1,0,12,,36,6
188,farmacia,|,453,454,454,457,458,462,467,|,9,1,4,4,,0,4
189,restaurante,|,453,454,464,473,474,481,489,|,28,1,10,20,,10,7
190,restaurante,|,455,487,532,469,532,545,558,|,90,32,0,14,,45,13
191,restaurante,|,455,456,480,493,493,510,530,|,55,1,13,38,,24,17
192,restaurante,|,458,459,471,489,490,501,514,|,43,1,19,31,,12,11
193,almacen,|,462,463,463,465,466,484,503,|,22,1,3,3,,0,18
194,almacen,|,463,464,464,468,469,480,492,|,17,1,5,5,,0,11
195,almacen,|,468,469,469,472,473,490,508,|,22,1,4,4,,0,17
196,restaurante,|,472,480,496,524,525,538,552,|,66,8,29,52,,16,13
197,restaurante,|,474,475,487,504,505,518,532,|,44,1,18,30,,12,13
198,restaurante,|,477,478,500,509,510,519,529,|,42,1,10,32,,22,9
199,restaurante,|,482,494,517,529,526,536,547,|,54,12,9,47,,23,10
200,restaurante,|,483,484,511,512,513,526,540,|,43,1,2,29,,27,13
201,almacen,|,483,484,484,488,489,507,526,|,24,1,5,5,,0,18
202,restaurante,|,483,511,543,515,543,562,582,|,79,28,0,32,,32,19
203,restaurante,|,485,496,512,548,549,563,579,|,78,11,37,63,,16,14
204,restaurante,|,487,488,521,533,521,538,555,|,51,1,0,46,,33,17
205,restaurante,|,491,492,527,546,543,557,573,|,66,1,16,55,,35,14
206,restaurante,|,492,517,553,525,553,569,586,|,77,25,0,33,,36,16
207,almacen,|,493,493,493,500,501,512,524,|,19,0,8,7,,0,11
208,restaurante,|,493,494,523,521,523,531,540,|,38,1,0,28,,29,8
209,restaurante,|,495,543,567,527,567,585,603,|,90,48,0,32,,24,18
210,restaurante,|,498,521,543,518,543,556,569,|,58,23,0,20,,22,13
211,restaurante,|,499,531,576,531,576,596,616,|,97,32,0,32,,45,20
212,almacen,|,503,503,503,511,512,517,523,|,14,0,9,8,,0,5
213,restaurante,|,508,576,588,530,588,601,614,|,93,68,0,22,,12,13
214,restaurante,|,512,513,525,564,565,581,597,|,69,1,40,52,,12,16
215,almacen,|,516,517,517,520,521,526,532,|,10,1,4,4,,0,5
216,restaurante,|,517,543,559,534,559,565,573,|,48,26,0,17,,16,6
217,restaurante,|,519,527,564,542,564,570,576,|,51,8,0,23,,37,6
218,restaurante,|,520,567,589,539,589,597,605,|,77,47,0,19,,22,8
219,restaurante,|,525,526,571,556,571,580,589,|,55,1,0,31,,45,9
220,farmacia,|,525,526,526,526,526,532,538,|,7,1,0,1,,0,6
221,restaurante,|,528,529,540,577,578,592,607,|,64,1,38,49,,11,14
222,restaurante,|,531,571,611,568,611,630,649,|,99,40,0,37,,40,19
223,restaurante,|,534,535,561,590,591,608,626,|,74,1,30,56,,26,17
224,almacen,|,536,537,537,541,542,552,563,|,16,1,5,5,,0,10
225,restaurante,|,538,539,556,608,560,579,598,|,41,1,4,70,,17,19
226,restaurante,|,541,556,576,559,609,622,636,|,81,15,33,18,,20,13
227,restaurante,|,542,543,580,570,580,591,603,|,49,1,0,28,,37,11
228,restaurante,|,542,543,570,604,605,609,614,|,67,1,35,62,,27,4
229,almacen,|,547,548,548,553,554,560,567,|,13,1,6,6,,0,6
230,restaurante,|,549,550,572,574,575,587,600,|,38,1,3,25,,22,12
231,restaurante,|,550,589,602,580,602,618,634,|,68,39,0,30,,13,16
232,restaurante,|,552,553,575,583,583,597,611,|,45,1,8,31,,22,14
233,restaurante,|,555,572,601,606,607,621,636,|,66,17,6,51,,29,14
234,restaurante,|,555,564,606,575,606,616,627,|,61,9,0,20,,42,10
235,restaurante,|,557,558,568,587,588,597,607,|,40,1,20,30,,10,9
236,restaurante,|,561,606,638,617,638,654,671,|,93,45,0,56,,32,16
237,restaurante,|,561,562,589,601,602,613,625,|,52,1,13,40,,27,11
238,restaurante,|,564,565,604,612,604,615,627,|,51,1,0,48,,39,11
239,restaurante,|,566,604,642,599,642,656,670,|,90,38,0,33,,38,14
240,restaurante,|,569,646,662,609,662,673,684,|,104,77,0,40,,16,11
241,restaurante,|,573,574,617,615,617,630,644,|,57,1,0,42,,43,13
242,restaurante,|,576,577,611,625,626,638,651,|,62,1,15,49,,34,12
243,restaurante,|,581,611,646,628,646,662,679,|,81,30,0,47,,35,16
244,restaurante,|,586,587,608,644,645,662,680,|,76,1,37,58,,21,17
245,farmacia,|,588,589,589,598,599,611,624,|,23,1,10,10,,0,12
246,restaurante,|,590,591,618,646,647,666,686,|,76,1,29,56,,27,19
247,restaurante,|,593,594,624,647,648,664,681,|,71,1,24,54,,30,16
248,restaurante,|,597,611,622,627,628,635,643,|,38,14,6,30,,11,7
249,restaurante,|,601,602,612,672,673,689,706,|,88,1,61,71,,10,16
250,restaurante,|,601,602,625,629,630,638,647,|,37,1,5,28,,23,8
251,farmacia,|,602,603,603,605,606,624,643,|,22,1,3,3,,0,18
252,restaurante,|,603,604,628,635,636,648,661,|,45,1,8,32,,24,12
253,restaurante,|,606,642,659,638,659,664,669,|,58,36,0,32,,17,5
254,almacen,|,606,607,607,626,627,635,644,|,29,1,20,20,,0,8
255,restaurante,|,609,622,652,652,653,667,682,|,58,13,1,43,,30,14
256,farmacia,|,613,614,614,616,616,634,653,|,21,1,2,3,,0,18
257,restaurante,|,616,616,661,650,661,667,673,|,51,0,0,34,,45,6
258,restaurante,|,617,618,657,680,681,700,720,|,83,1,24,63,,39,19
259,restaurante,|,622,623,663,681,672,687,703,|,65,1,9,59,,40,15
260,restaurante,|,624,625,664,654,664,677,691,|,53,1,0,30,,39,13
261,restaurante,|,624,625,644,658,659,670,682,|,46,1,15,34,,19,11
262,restaurante,|,624,625,656,662,663,673,684,|,49,1,7,38,,31,10
263,restaurante,|,626,627,659,666,667,672,678,|,46,1,8,40,,32,5
264,restaurante,|,631,663,679,671,682,700,719,|,69,32,3,40,,16,18
265,farmacia,|,634,635,635,637,638,647,657,|,13,1,3,3,,0,9
266,restaurante,|,634,635,676,687,688,701,715,|,67,1,12,53,,41,13
267,restaurante,|,639,644,667,679,680,687,695,|,48,5,13,40,,23,7
268,restaurante,|,639,656,678,670,678,690,702,|,51,17,0,31,,22,12
269,restaurante,|,643,644,687,682,687,697,708,|,54,1,0,39,,43,10
270,farmacia,|,643,644,644,645,646,655,665,|,12,1,2,2,,0,9
271,restaurante,|,644,678,695,683,695,707,719,|,63,34,0,39,,17,12
272,restaurante,|,645,646,673,684,685,692,700,|,47,1,12,39,,27,7
273,farmacia,|,647,648,648,648,648,665,682,|,18,1,0,1,,0,17
274,restaurante,|,650,664,700,688,700,719,738,|,69,14,0,38,,36,19
275,restaurante,|,654,657,674,685,686,694,703,|,40,3,12,31,,17,8
276,restaurante,|,657,662,676,701,702,720,739,|,63,5,26,44,,14,18
277,restaurante,|,658,659,692,709,710,724,739,|,66,1,18,51,,33,14
278,restaurante,|,658,659,686,704,705,722,740,|,64,1,19,46,,27,17
279,almacen,|,658,659,659,674,675,693,712,|,35,1,16,16,,0,18
280,restaurante,|,663,674,697,702,703,719,736,|,56,11,6,39,,23,16
281,restaurante,|,668,669,681,692,693,702,712,|,34,1,12,24,,12,9
282,restaurante,|,668,669,697,696,697,710,724,|,42,1,0,28,,28,13
283,restaurante,|,673,674,700,720,721,739,758,|,66,1,21,47,,26,18
284,restaurante,|,674,675,720,703,720,725,731,|,51,1,0,29,,45,5
285,restaurante,|,674,675,711,749,750,768,787,|,94,1,39,75,,36,18
286,restaurante,|,678,679,718,734,735,754,774,|,76,1,17,56,,39,19
287,restaurante,|,683,684,694,714,715,726,738,|,43,1,21,31,,10,11
288,farmacia,|,685,686,686,686,686,693,700,|,8,1,0,1,,0,7
289,restaurante,|,690,695,733,705,733,739,745,|,49,5,0,15,,38,6
290,restaurante,|,694,733,775,713,775,783,792,|,89,39,0,19,,42,8
291,restaurante,|,699,700,714,732,733,742,752,|,43,1,19,33,,14,9
292,restaurante,|,704,705,742,736,742,753,764,|,49,1,0,32,,37,11
293,farmacia,|,705,706,706,707,708,720,733,|,15,1,2,2,,0,12
294,restaurante,|,705,742,775,721,775,780,786,|,75,37,0,16,,33,5
295,restaurante,|,710,711,724,739,740,744,749,|,34,1,16,29,,13,4
296,restaurante,|,714,715,746,742,746,753,761,|,39,1,0,28,,31,7
297,farmacia,|,714,715,715,716,717,730,744,|,16,1,2,2,,0,13
298,restaurante,|,715,716,727,769,770,784,799,|,69,1,43,54,,11,14
299,restaurante,|,717,718,755,746,755,762,769,|,45,1,0,29,,37,7
300,restaurante,|,718,719,736,743,744,756,769,|,38,1,8,25,,17,12
301,farmacia,|,721,722,722,722,722,735,748,|,14,1,0,1,,0,13
302,farmacia,|,721,722,722,725,726,730,735,|,9,1,4,4,,0,4
303,restaurante,|,721,722,757,750,757,765,773,|,44,1,0,29,,35,8
304,restaurante,|,723,724,766,770,771,789,808,|,66,1,5,47,,42,18
305,restaurante,|,728,729,742,751,752,761,771,|,33,1,10,23,,13,9
306,restaurante,|,731,732,745,759,760,770,781,|,39,1,15,28,,13,10
307,restaurante,|,731,745,780,768,780,800,820,|,69,14,0,37,,35,20
308,almacen,|,733,734,734,737,738,751,765,|,18,1,4,4,,0,13
309,restaurante,|,735,736,749,765,766,772,779,|,37,1,17,30,,13,6
310,almacen,|,736,737,737,741,742,754,767,|,18,1,5,5,,0,12
311,farmacia,|,738,739,739,740,741,745,750,|,7,1,2,2,,0,4
312,restaurante,|,742,743,753,753,754,760,767,|,18,1,1,11,,10,6
313,farmacia,|,743,744,744,745,746,760,775,|,17,1,2,2,,0,14
314,restaurante,|,747,748,775,771,775,789,804,|,42,1,0,24,,27,14
315,restaurante,|,752,753,794,774,794,808,822,|,56,1,0,22,,41,14
316,farmacia,|,754,755,755,762,763,775,788,|,21,1,8,8,,0,12
317,restaurante,|,756,757,768,780,781,792,804,|,36,1,13,24,,11,11
318,restaurante,|,760,780,798,775,798,811,824,|,51,20,0,15,,18,13
319,farmacia,|,763,764,764,766,767,780,794,|,17,1,3,3,,0,13
320,restaurante,|,766,767,790,785,790,804,818,|,38,1,0,19,,23,14
321,farmacia,|,771,772,772,772,773,778,784,|,7,1,1,1,,0,5
322,almacen,|,775,776,776,776,777,796,816,|,21,1,1,1,,0,19
323,restaurante,|,775,776,796,788,796,807,818,|,32,1,0,13,,20,11
324,restaurante,|,777,798,831,782,831,837,843,|,60,21,0,5,,33,6
325,restaurante,|,780,781,800,793,800,819,838,|,39,1,0,13,,19,19
326,restaurante,|,782,800,835,787,835,843,852,|,61,18,0,5,,35,8
327,restaurante,|,784,785,811,789,811,822,833,|,38,1,0,5,,26,11
328,restaurante,|,786,790,829,800,829,847,865,|,61,4,0,14,,39,18
329,farmacia,|,791,792,792,795,796,814,833,|,23,1,4,4,,0,18
330,restaurante,|,793,829,840,805,840,847,854,|,54,36,0,12,,11,7
331,restaurante,|,797,840,858,806,858,872,886,|,75,43,0,9,,18,14
332,restaurante,|,798,799,824,821,824,840,856,|,42,1,0,23,,25,16
333,restaurante,|,802,803,823,823,824,834,845,|,32,1,1,21,,20,10
334,restaurante,|,802,803,824,817,824,831,838,|,29,1,0,15,,21,7
335,restaurante,|,805,806,820,809,820,827,835,|,22,1,0,4,,14,7
336,restaurante,|,810,811,854,819,854,860,866,|,50,1,0,9,,43,6
337,restaurante,|,815,858,892,825,892,897,902,|,82,43,0,10,,34,5
338,restaurante,|,816,817,837,840,841,850,860,|,34,1,4,24,,20,9
339,farmacia,|,818,819,819,820,821,834,848,|,16,1,2,2,,0,13
340,restaurante,|,823,824,846,834,846,855,864,|,32,1,0,11,,22,9
341,restaurante,|,825,826,843,848,849,860,872,|,35,1,6,23,,17,11
342,farmacia,|,826,827,827,835,836,843,851,|,17,1,9,9,,0,7
343,restaurante,|,826,827,860,870,871,885,900,|,59,1,11,44,,33,14
344,restaurante,|,826,827,844,844,845,849,854,|,23,1,1,18,,17,4
345,restaurante,|,826,827,860,856,860,879,898,|,53,1,0,30,,33,19
346,farmacia,|,827,828,828,836,836,841,847,|,14,1,8,9,,0,5
347,restaurante,|,831,843,887,849,887,901,916,|,70,12,0,18,,44,14
348,restaurante,|,832,846,880,846,880,888,897,|,56,14,0,14,,34,8
349,almacen,|,834,835,835,839,840,859,879,|,25,1,5,5,,0,19
350,restaurante,|,838,839,856,852,856,862,869,|,24,1,0,14,,17,6
351,restaurante,|,841,842,866,861,866,875,885,|,34,1,0,20,,24,9
352,restaurante,|,841,842,885,853,885,894,903,|,53,1,0,12,,43,9
353,restaurante,|,843,844,879,855,879,886,893,|,43,1,0,12,,35,7
354,restaurante,|,847,848,876,873,876,892,908,|,45,1,0,26,,28,16
355,restaurante,|,851,852,895,898,899,917,936,|,66,1,4,47,,43,18
356,restaurante,|,854,855,878,857,878,887,896,|,33,1,0,3,,23,9
357,restaurante,|,854,856,887,894,895,909,924,|,55,2,8,40,,31,14
358,almacen,|,858,859,859,865,866,879,893,|,21,1,7,7,,0,13
359,restaurante,|,859,892,927,887,927,942,957,|,83,33,0,28,,35,15
360,almacen,|,860,861,861,867,868,882,897,|,22,1,7,7,,0,14
361,restaurante,|,860,861,901,880,901,909,918,|,49,1,0,20,,40,8
362,farmacia,|,863,864,864,866,867,874,882,|,11,1,3,3,,0,7
363,restaurante,|,867,878,897,900,901,920,940,|,53,11,4,33,,19,19
364,restaurante,|,868,869,885,899,900,913,927,|,45,1,15,31,,16,13
365,restaurante,|,873,874,884,909,910,928,947,|,55,1,26,36,,10,18
366,almacen,|,877,878,878,883,884,903,923,|,26,1,6,6,,0,19
367,almacen,|,882,883,883,886,887,904,922,|,22,1,4,4,,0,17
368,restaurante,|,883,884,925,901,925,934,943,|,51,1,0,18,,41,9
369,restaurante,|,885,886,927,919,927,946,965,|,61,1,0,34,,41,19
370,farmacia,|,888,889,889,895,896,904,913,|,16,1,7,7,,0,8
371,restaurante,|,888,889,926,917,926,936,946,|,48,1,0,29,,37,10
372,restaurante,|,889,890,909,925,926,940,955,|,51,1,17,36,,19,14
373,restaurante,|,892,893,913,904,913,918,923,|,26,1,0,12,,20,5
374,farmacia,|,894,895,895,897,898,907,917,|,13,1,3,3,,0,9
375,restaurante,|,894,926,945,903,945,953,962,|,59,32,0,9,,19,8
376,restaurante,|,896,897,917,923,924,933,943,|,37,1,7,27,,20,9
377,restaurante,|,899,900,940,926,940,946,952,|,47,1,0,27,,40,6
378,restaurante,|,901,927,965,918,965,975,986,|,74,26,0,17,,38,10
379,restaurante,|,902,925,955,928,955,975,995,|,73,23,0,26,,30,20
380,restaurante,|,903,904,919,949,950,964,979,|,61,1,31,46,,15,14
381,almacen,|,905,906,906,914,915,931,948,|,26,1,9,9,,0,16
382,restaurante,|,906,907,944,956,957,967,978,|,61,1,13,50,,37,10
383,restaurante,|,907,955,975,937,975,991,1007,|,84,48,0,30,,20,16
384,restaurante,|,909,975,996,941,996,1015,1035,|,106,66,0,32,,21,19
385,restaurante,|,914,915,930,958,959,978,998,|,64,1,29,44,,15,19
386,restaurante,|,914,915,946,945,946,953,960,|,39,1,0,31,,31,7
387,restaurante,|,916,940,975,948,975,995,1015,|,79,24,0,32,,35,20
388,almacen,|,921,922,922,924,925,929,934,|,8,1,3,3,,0,4
389,restaurante,|,923,924,954,953,954,959,964,|,36,1,0,30,,30,5
390,restaurante,|,925,959,984,947,984,998,1012,|,73,34,0,22,,25,14
391,farmacia,|,927,928,928,935,936,951,967,|,24,1,8,8,,0,15
392,restaurante,|,932,933,963,1008,988,1006,1025,|,74,1,25,76,,30,18
393,almacen,|,933,934,934,944,945,964,984,|,31,1,11,11,,0,19
394,restaurante,|,936,946,959,979,959,976,993,|,40,10,0,43,,13,17
395,restaurante,|,938,986,1022,965,1022,1041,1060,|,103,48,0,27,,36,19
396,restaurante,|,943,944,971,968,971,978,985,|,35,1,0,25,,27,7
397,restaurante,|,944,975,986,961,986,1005,1025,|,61,31,0,17,,11,19
398,restaurante,|,949,950,962,1013,1014,1032,1051,|,83,1,52,64,,12,18
399,restaurante,|,954,955,998,1017,1018,1031,1045,|,77,1,20,63,,43,13
400,restaurante,|,958,959,983,1031,1032,1051,1071,|,93,1,49,73,,24,19
401,restaurante,|,958,984,997,1021,1022,1040,1059,|,82,26,25,63,,13,18
402,farmacia,|,959,960,960,963,964,981,999,|,22,1,4,4,,0,17
403,restaurante,|,962,963,994,1027,1009,1025,1042,|,63,1,15,65,,31,16
404,restaurante,|,965,994,1032,987,1032,1039,1046,|,74,29,0,22,,38,7
405,farmacia,|,965,966,966,966,966,986,1006,|,21,1,0,1,,0,20
406,restaurante,|,969,970,980,1002,1003,1013,1024,|,44,1,23,33,,10,10
407,restaurante,|,969,970,980,1007,1008,1017,1027,|,48,1,28,38,,10,9
408,farmacia,|,974,975,975,980,981,991,1001,|,17,1,6,6,,0,10
409,almacen,|,975,976,976,986,986,1003,1020,|,28,1,10,11,,0,17
410,farmacia,|,977,978,978,985,986,1005,1025,|,28,1,8,8,,0,19
411,restaurante,|,977,978,1013,1025,1017,1025,1034,|,48,1,4,48,,35,8
412,restaurante,|,981,1013,1031,1016,1031,1036,1042,|,55,32,0,35,,18,5
413,restaurante,|,983,985,996,1035,1036,1053,1071,|,70,2,40,52,,11,17
414,restaurante,|,984,985,1024,1029,1030,1043,1057,|,59,1,6,45,,39,13
415,almacen,|,984,985,985,994,995,1009,1024,|,25,1,10,10,,0,14
416,almacen,|,984,985,985,996,997,1010,1024,|,26,1,12,12,,0,13
417,almacen,|,984,986,986,999,1000,1011,1023,|,27,2,14,15,,0,11
418,restaurante,|,984,985,1007,1026,1027,1033,1040,|,49,1,20,42,,22,6
419,almacen,|,988,989,989,1000,1000,1008,1016,|,20,1,11,12,,0,8
420,restaurante,|,993,1022,1046,1030,1046,1060,1075,|,67,29,0,37,,24,14
421,restaurante,|,994,1007,1023,1028,1029,1036,1044,|,42,13,6,34,,16,7
422,restaurante,|,995,996,1012,1043,1044,1060,1077,|,65,1,32,48,,16,16
423,restaurante,|,998,999,1013,1041,1037,1043,1050,|,45,1,24,43,,14,6
424,almacen,|,1002,1003,1003,1024,1025,1042,1060,|,40,1,22,22,,0,17
425,restaurante,|,1006,1007,1051,1051,1052,1067,1083,|,61,1,1,45,,44,15
426,restaurante,|,1010,1013,1047,1036,1047,1056,1066,|,46,3,0,26,,34,9
427,restaurante,|,1012,1013,1030,1058,1048,1064,1081,|,52,1,18,46,,17,16
428,restaurante,|,1016,1030,1072,1047,1072,1086,1101,|,70,14,0,31,,42,14
429,restaurante,|,1017,1018,1031,1060,1061,1076,1093,|,59,1,30,43,,13,15
430,restaurante,|,1017,1018,1034,1044,1045,1053,1062,|,36,1,11,27,,16,8
431,restaurante,|,1022,1023,1050,1046,1050,1055,1060,|,33,1,0,24,,27,5
432,restaurante,|,1023,1024,1067,1062,1067,1083,1101,|,60,1,0,39,,43,16
433,restaurante,|,1028,1029,1070,1067,1070,1086,1103,|,58,1,0,39,,41,16
434,restaurante,|,1029,1032,1044,1052,1053,1070,1089,|,41,3,9,23,,12,17
435,restaurante,|,1034,1035,1067,1072,1073,1082,1093,|,48,1,6,38,,32,9
436,restaurante,|,1035,1036,1054,1064,1065,1077,1087,|,42,1,11,29,,18,12
437,restaurante,|,1039,1040,1051,1061,1062,1071,1081,|,32,1,11,22,,11,9
438,restaurante,|,1039,1040,1055,1063,1063,1069,1075,|,30,1,8,24,,15,6
439,almacen,|,1044,1045,1045,1045,1045,1060,1075,|,16,1,0,1,,0,15
440,restaurante,|,1048,1049,1080,1076,1080,1096,1114,|,48,1,0,28,,31,16
441,restaurante,|,1051,1052,1066,1077,1078,1087,1098,|,36,1,12,26,,14,9
442,restaurante,|,1055,1056,1068,1078,1079,1090,1101,|,35,1,11,23,,12,11
443,restaurante,|,1056,1057,1099,1083,1099,1116,1133,|,60,1,0,27,,42,17
444,restaurante,|,1061,1062,1073,1082,1083,1097,1111,|,36,1,10,21,,11,14
445,restaurante,|,1063,1099,1141,1079,1141,1154,1173,|,91,36,0,16,,42,13
446,restaurante,|,1068,1072,1087,1088,1089,1107,1126,|,39,4,2,20,,15,18
447,almacen,|,1072,1073,1073,1073,1073,1087,1107,|,15,1,0,1,,0,14
448,restaurante,|,1074,1075,1106,1095,1106,1123,1140,|,49,1,0,21,,31,17
449,restaurante,|,1074,1075,1096,1084,1096,1113,1130,|,39,1,0,10,,21,17
450,restaurante,|,1074,1075,1096,1099,1100,1118,1137,|,44,1,4,25,,21,18
451,restaurante,|,1077,1078,1116,1108,1116,1135,1156,|,58,1,0,31,,38,19
452,restaurante,|,1079,1080,1115,1104,1115,1133,1149,|,54,1,0,25,,35,18
453,restaurante,|,1084,1141,1181,1109,1181,1200,1220,|,116,57,0,25,,40,19
454,farmacia,|,1085,1086,1086,1090,1091,1099,1108,|,14,1,5,5,,0,8
455,restaurante,|,1086,1088,1131,1138,1139,1156,1173,|,70,2,8,52,,43,17
456,almacen,|,1087,1088,1088,1094,1095,1104,1114,|,17,1,7,7,,0,9
457,restaurante,|,1089,1116,1132,1116,1132,1147,1164,|,58,27,0,27,,16,15
458,restaurante,|,1091,1092,1116,1102,1116,1127,1139,|,36,1,0,11,,24,11
459,restaurante,|,1091,1123,1156,1105,1156,1168,1181,|,77,32,0,14,,33,12
460,restaurante,|,1092,1096,1123,1115,1123,1135,1147,|,43,4,0,23,,27,12
461,restaurante,|,1097,1115,1145,1112,1145,1157,1169,|,60,18,0,15,,30,12
462,restaurante,|,1097,1098,1144,1148,1150,1164,1179,|,67,1,6,51,,46,14
463,restaurante,|,1097,1098,1112,1141,1142,1159,1176,|,62,1,30,44,,14,17
464,almacen,|,1101,1102,1102,1103,1104,1117,1131,|,16,1,2,2,,0,13
465,restaurante,|,1105,1106,1153,1158,1159,1173,1188,|,68,1,6,53,,47,14
466,restaurante,|,1105,1106,1148,1132,1148,1157,1167,|,52,1,0,27,,42,9
467,restaurante,|,1110,1111,1131,1157,1158,1172,1187,|,62,1,27,47,,20,14
468,restaurante,|,1110,1156,1199,1127,1199,1205,1211,|,95,46,0,17,,43,6
469,restaurante,|,1114,1115,1129,1140,1141,1148,1157,|,34,1,12,26,,14,7
470,restaurante,|,1115,1116,1131,1144,1145,1150,1155,|,35,1,14,29,,15,5
471,restaurante,|,1120,1121,1138,1150,1151,1155,1160,|,35,1,13,30,,17,4
472,restaurante,|,1122,1123,1145,1153,1154,1166,1179,|,44,1,9,31,,22,12
473,almacen,|,1127,1128,1128,1131,1132,1137,1143,|,10,1,4,4,,0,5
474,almacen,|,1130,1131,1131,1134,1135,1143,1152,|,13,1,4,4,,0,8
475,restaurante,|,1131,1132,1174,1181,1182,1201,1221,|,70,1,8,50,,42,19
476,restaurante,|,1135,1138,1150,1165,1166,1183,1201,|,48,3,16,30,,12,17
477,restaurante,|,1140,1141,1179,1161,1179,1189,1200,|,49,1,0,21,,38,10
478,restaurante,|,1142,1143,1162,1170,1171,1189,1208,|,47,1,9,28,,19,18
479,restaurante,|,1145,1146,1160,1168,1169,1173,1178,|,28,1,9,23,,14,4
480,restaurante,|,1146,1160,1205,1174,1205,1223,1241,|,77,14,0,28,,45,18
481,restaurante,|,1148,1149,1172,1176,1177,1193,1210,|,45,1,5,28,,23,16
482,restaurante,|,1149,1183,1212,1182,1212,1230,1249,|,81,34,0,33,,29,18
483,farmacia,|,1153,1154,1154,1156,1157,1165,1174,|,12,1,3,3,,0,8
484,restaurante,|,1158,1162,1183,1177,1183,1198,1213,|,40,4,0,19,,21,15
485,restaurante,|,1163,1164,1175,1194,1195,1206,1218,|,43,1,20,31,,11,11
486,restaurante,|,1165,1166,1188,1201,1202,1221,1241,|,56,1,14,36,,22,19
487,restaurante,|,1168,1179,1223,1202,1223,1241,1259,|,73,11,0,34,,44,18
488,almacen,|,1173,1174,1174,1175,1176,1191,1207,|,18,1,2,2,,0,15
489,farmacia,|,1177,1178,1178,1179,1180,1190,1201,|,13,1,2,2,,0,10
490,almacen,|,1179,1180,1180,1180,1180,1186,1193,|,7,1,0,1,,0,6
491,restaurante,|,1182,1183,1199,1188,1199,1206,1213,|,24,1,0,6,,16,7
492,restaurante,|,1186,1199,1216,1212,1216,1236,1256,|,50,13,0,26,,17,20
493,almacen,|,1187,1188,1188,1189,1190,1195,1200,|,8,1,2,2,,0,5
494,restaurante,|,1189,1190,1204,1211,1212,1224,1237,|,35,1,8,22,,14,12
495,restaurante,|,1191,1192,1215,1209,1215,1222,1229,|,31,1,0,18,,23,7
496,restaurante,|,1192,1215,1261,1203,1261,1265,1270,|,73,23,0,11,,46,4
497,restaurante,|,1197,1198,1240,1220,1240,1258,1276,|,61,1,0,23,,42,18
498,restaurante,|,1198,1199,1222,1204,1222,1229,1236,|,31,1,0,6,,23,7
499,restaurante,|,1199,1200,1226,1221,1226,1241,1256,|,42,1,0,22,,26,15
500,almacen,|,1204,1205,1205,1208,1209,1213,1218,|,9,1,4,4,,0,4
501,restaurante,|,1205,1222,1267,1215,1267,1278,1289,|,73,17,0,10,,45,11
502,restaurante,|,1210,1211,1228,1214,1228,1233,1238,|,23,1,0,4,,17,5
503,restaurante,|,1215,1226,1237,1219,1237,1246,1255,|,31,11,0,4,,11,9
504,restaurante,|,1220,1221,1254,1222,1254,1260,1266,|,40,1,0,2,,33,6
505,restaurante,|,1223,1225,1261,1230,1261,1279,1297,|,56,2,0,7,,36,18
506,almacen,|,1225,1226,1226,1237,1238,1248,1260,|,23,1,12,12,,0,10
507,restaurante,|,1230,1254,1265,1238,1265,1285,1305,|,55,24,0,8,,11,20
508,restaurante,|,1232,1233,1270,1242,1270,1285,1300,|,53,1,0,10,,37,15
509,restaurante,|,1236,1237,1247,1239,1247,1256,1265,|,20,1,0,3,,10,9
510,restaurante,|,1239,1261,1299,1243,1299,1318,1337,|,79,22,0,4,,38,19
511,restaurante,|,1244,1247,1263,1250,1263,1273,1283,|,29,3,0,6,,16,10
512,almacen,|,1248,1249,1249,1256,1257,1272,1288,|,24,1,8,8,,0,15
513,restaurante,|,1248,1265,1276,1258,1276,1282,1288,|,34,17,0,10,,11,6
514,restaurante,|,1248,1249,1273,1285,1273,1292,1311,|,44,1,0,37,,24,19
515,almacen,|,1252,1253,1253,1257,1258,1275,1293,|,23,1,5,5,,0,17
516,restaurante,|,1253,1254,1273,1261,1273,1278,1283,|,25,1,0,8,,19,5
517,restaurante,|,1255,1273,1289,1260,1289,1296,1304,|,41,18,0,5,,16,7
518,restaurante,|,1255,1267,1282,1266,1282,1294,1306,|,39,12,0,11,,15,12
519,restaurante,|,1255,1273,1317,1271,1317,1336,1355,|,81,18,0,16,,44,19
520,restaurante,|,1260,1261,1281,1289,1290,1304,1319,|,44,1,9,29,,20,14
521,restaurante,|,1260,1299,1314,1267,1314,1325,1336,|,65,39,0,7,,15,11
522,restaurante,|,1265,1266,1300,1291,1300,1317,1334,|,52,1,0,26,,34,17
523,restaurante,|,1266,1267,1302,1294,1302,1320,1339,|,54,1,0,28,,35,18
524,restaurante,|,1266,1276,1287,1277,1287,1297,1307,|,31,10,0,11,,11,10
525,restaurante,|,1269,1270,1284,1284,1285,1292,1300,|,23,1,1,15,,14,7
526,restaurante,|,1274,1317,1349,1305,1349,1368,1387,|,94,43,0,31,,32,19
527,restaurante,|,1276,1277,1293,1308,1293,1312,1331,|,36,1,0,32,,16,19
528,restaurante,|,1277,1278,1314,1333,1334,1353,1373,|,76,1,20,56,,36,19
529,restaurante,|,1281,1282,1298,1298,1299,1308,1318,|,27,1,1,17,,16,9
530,restaurante,|,1284,1293,1318,1290,1318,1326,1334,|,42,9,0,6,,25,8
531,restaurante,|,1289,1290,1318,1334,1318,1338,1358,|,49,1,0,45,,28,20
532,restaurante,|,1293,1318,1346,1307,1346,1353,1360,|,60,25,0,14,,28,7
533,farmacia,|,1298,1299,1299,1301,1302,1317,1333,|,19,1,3,3,,0,15
534,almacen,|,1298,1299,1299,1302,1303,1317,1332,|,19,1,4,4,,0,14
535,restaurante,|,1301,1302,1315,1312,1315,1324,1333,|,23,1,0,11,,13,9
536,almacen,|,1305,1306,1306,1306,1306,1319,1332,|,14,1,0,1,,0,13
537,restaurante,|,1307,1308,1339,1332,1339,1350,1362,|,43,1,0,25,,31,11
538,farmacia,|,1309,1310,1310,1319,1320,1324,1329,|,15,1,10,10,,0,4
539,almacen,|,1310,1311,1311,1320,1321,1338,1356,|,28,1,10,10,,0,17
540,almacen,|,1313,1314,1314,1330,1331,1338,1346,|,25,1,17,17,,0,7
541,restaurante,|,1317,1318,1361,1336,1361,1372,1384,|,55,1,0,19,,43,11
542,restaurante,|,1321,1322,1358,1339,1358,1371,1384,|,50,1,0,18,,36,13
543,restaurante,|,1326,1346,1366,1338,1366,1377,1388,|,51,20,0,12,,20,11
544,restaurante,|,1328,1329,1367,1335,1367,1375,1383,|,47,1,0,7,,38,8
545,restaurante,|,1333,1334,1370,1341,1370,1388,1407,|,55,1,0,8,,36,18
546,restaurante,|,1333,1334,1371,1363,1371,1388,1405,|,55,1,0,30,,37,17
547,farmacia,|,1336,1337,1337,1337,1337,1352,1367,|,16,1,0,1,,0,15
548,restaurante,|,1339,1340,1365,1340,1365,1370,1375,|,31,1,0,1,,25,5
549,farmacia,|,1341,1342,1342,1347,1348,1357,1367,|,16,1,6,6,,0,9
550,farmacia,|,1345,1346,1346,1356,1357,1367,1378,|,22,1,11,11,,0,10
551,restaurante,|,1350,1371,1405,1361,1405,1415,1425,|,65,21,0,11,,34,10
552,almacen,|,1354,1355,1355,1357,1358,1362,1367,|,8,1,3,3,,0,4
553,farmacia,|,1357,1358,1358,1359,1360,1375,1391,|,18,1,2,2,,0,15
554,restaurante,|,1362,1363,1373,1368,1373,1388,1403,|,26,1,0,6,,10,15
555,restaurante,|,1367,1368,1396,1369,1396,1402,1408,|,35,1,0,2,,28,6
556,restaurante,|,1367,1368,1382,1370,1382,1395,1408,|,28,1,0,3,,14,13
557,restaurante,|,1372,1382,1398,1374,1398,1414,1430,|,42,10,0,2,,16,16
558,almacen,|,1377,1378,1378,1378,1378,1383,1388,|,6,1,0,1,,0,5
559,restaurante,|,1378,1405,1439,1379,1439,1443,1448,|,65,27,0,1,,34,4
560,restaurante,|,1382,1383,1400,1384,1400,1418,1436,|,36,1,0,2,,17,18
561,almacen,|,1386,1387,1387,1387,1387,1405,1423,|,19,1,0,1,,0,18
562,restaurante,|,1386,1387,1402,1388,1402,1418,1434,|,32,1,0,2,,15,16
563,almacen,|,1388,1389,1389,1389,1390,1400,1411,|,12,1,1,1,,0,10
564,restaurante,|,1393,1394,1434,1394,1434,1450,1467,|,57,1,0,1,,40,16
565,restaurante,|,1395,1396,1409,1396,1409,1420,1432,|,25,1,0,1,,13,11
566,restaurante,|,1400,1401,1437,1404,1437,1452,1468,|,52,1,0,4,,36,15
567,farmacia,|,1400,1401,1401,1401,1401,1407,1413,|,7,1,0,1,,0,6
568,farmacia,|,1405,1406,1406,1406,1406,1412,1418,|,7,1,0,1,,0,6
569,restaurante,|,1405,1406,1428,1408,1428,1440,1452,|,35,1,0,3,,22,12
570,restaurante,|,1406,1407,1420,1409,1420,1426,1432,|,20,1,0,3,,13,6
571,restaurante,|,1410,1411,1432,1411,1432,1450,1468,|,40,1,0,1,,21,18
572,restaurante,|,1414,1415,1441,1415,1441,1449,1457,|,35,1,0,1,,26,8
573,restaurante,|,1418,1419,1449,1419,1449,1454,1459,|,36,1,0,1,,30,5
574,restaurante,|,1420,1421,1432,1421,1432,1446,1460,|,26,1,0,1,,11,14
575,farmacia,|,1423,1424,1424,1424,1425,1439,1454,|,16,1,1,1,,0,14
576,restaurante,|,1428,1429,1449,1431,1449,1464,1479,|,36,1,0,3,,20,15
577,restaurante,|,1428,1429,1446,1429,1446,1459,1472,|,31,1,0,1,,17,13
578,farmacia,|,1432,1433,1433,1433,1434,1439,1445,|,7,1,1,1,,0,5
579,restaurante,|,1433,1434,1453,1434,1453,1457,1462,|,24,1,0,1,,19,4
580,almacen,|,1436,1437,1437,1437,1438,1442,1447,|,6,1,1,1,,0,4
581,restaurante,|,1438,1439,1477,1439,1477,1487,1497,|,49,1,0,1,,38,10
582,restaurante,|,1441,1446,1489,1446,1489,1505,1521,|,64,5,0,5,,43,16
583,restaurante,|,1445,1489,1534,1448,1534,1549,1564,|,104,44,0,3,,45,15
584,restaurante,|,1450,1451,1462,1451,1462,1467,1473,|,17,1,0,1,,11,5
585,restaurante,|,1452,1453,1473,1453,1473,1486,1500,|,34,1,0,1,,20,13
586,restaurante,|,1455,1456,1491,1456,1491,1497,1503,|,42,1,0,1,,35,6
587,restaurante,|,1457,1458,1498,1460,1498,1517,1536,|,60,1,0,3,,40,19
588,restaurante,|,1457,1458,1469,1458,1469,1482,1496,|,25,1,0,1,,11,13
589,restaurante,|,1461,1462,1492,1463,1492,1507,1522,|,46,1,0,2,,30,15
590,almacen,|,1461,1462,1462,1462,1463,1471,1480,|,10,1,1,1,,0,8
591,restaurante,|,1462,1463,1503,1468,1503,1523,1543,|,61,1,0,6,,40,20
592,restaurante,|,1466,1467,1508,1469,1508,1516,1524,|,50,1,0,3,,41,8
593,restaurante,|,1469,1470,1482,1470,1482,1500,1518,|,31,1,0,1,,12,18
594,restaurante,|,1471,1534,1569,1473,1569,1587,1605,|,116,63,0,2,,35,18
595,restaurante,|,1474,1475,1510,1475,1510,1517,1524,|,43,1,0,1,,35,7
596,restaurante,|,1474,1508,1549,1480,1549,1568,1587,|,94,34,0,6,,41,19
597,restaurante,|,1478,1479,1519,1481,1519,1524,1530,|,46,1,0,3,,40,5
598,restaurante,|,1482,1491,1505,1501,1505,1525,1545,|,43,9,0,19,,14,20
599,restaurante,|,1482,1498,1542,1497,1542,1547,1552,|,65,16,0,15,,44,5
600,restaurante,|,1485,1486,1517,1523,1523,1537,1552,|,52,1,6,38,,31,14
601,restaurante,|,1490,1491,1532,1525,1532,1550,1568,|,60,1,0,35,,41,18
602,restaurante,|,1493,1569,1576,1504,1576,1590,1604,|,97,76,0,11,,7,14
603,almacen,|,1496,1497,1497,1498,1499,1508,1518,|,12,1,2,2,,0,9
604,restaurante,|,1499,1517,1531,1522,1531,1546,1562,|,47,18,0,23,,14,15
605,restaurante,|,1502,1503,1526,1569,1570,1587,1605,|,85,1,44,67,,23,17
606,restaurante,|,1502,1519,1556,1519,1556,1564,1572,|,62,17,0,17,,37,8
607,restaurante,|,1504,1549,1559,1520,1559,1568,1577,|,64,45,0,16,,10,9
608,restaurante,|,1509,1510,1552,1526,1552,1559,1566,|,50,1,0,17,,42,7
609,restaurante,|,1511,1512,1538,1585,1586,1601,1617,|,90,1,48,74,,26,15
610,restaurante,|,1512,1513,1528,1531,1532,1540,1549,|,28,1,4,19,,15,8
611,restaurante,|,1517,1532,1562,1544,1562,1575,1588,|,58,15,0,27,,30,13
612,restaurante,|,1519,1520,1561,1550,1561,1566,1571,|,47,1,0,31,,41,5
613,restaurante,|,1524,1525,1549,1563,1564,1571,1578,|,47,1,15,39,,24,7
614,farmacia,|,1529,1530,1530,1537,1538,1555,1573,|,26,1,8,8,,0,17
615,restaurante,|,1534,1556,1580,1574,1580,1595,1610,|,61,22,0,40,,24,15
616,almacen,|,1537,1538,1538,1546,1547,1561,1576,|,24,1,9,9,,0,14
617,restaurante,|,1539,1540,1562,1577,1574,1579,1585,|,40,1,12,38,,22,5
618,restaurante,|,1540,1541,1553,1594,1580,1598,1617,|,58,1,27,54,,12,18
619,restaurante,|,1541,1553,1583,1579,1595,1611,1628,|,70,12,12,38,,30,16
620,restaurante,|,1544,1577,1606,1578,1606,1622,1638,|,78,33,0,34,,29,16
621,restaurante,|,1544,1562,1598,1573,1598,1609,1620,|,65,18,0,29,,36,11
622,almacen,|,1547,1548,1548,1554,1555,1574,1594,|,27,1,7,7,,0,19
623,farmacia,|,1549,1550,1550,1553,1554,1573,1593,|,24,1,4,4,,0,19
624,restaurante,|,1552,1559,1577,1597,1579,1597,1616,|,45,7,2,45,,18,18
625,farmacia,|,1556,1557,1557,1565,1566,1576,1587,|,20,1,9,9,,0,10
626,farmacia,|,1559,1560,1560,1567,1568,1583,1599,|,24,1,8,8,,0,15
627,restaurante,|,1560,1561,1602,1590,1602,1611,1620,|,51,1,0,30,,41,9
628,restaurante,|,1563,1564,1589,1611,1612,1628,1645,|,65,1,23,48,,25,16
629,farmacia,|,1568,1569,1569,1572,1573,1578,1584,|,10,1,4,4,,0,5
630,restaurante,|,1572,1598,1630,1589,1630,1644,1658,|,72,26,0,17,,32,14
631,restaurante,|,1574,1575,1612,1600,1612,1623,1634,|,49,1,0,26,,37,11
632,restaurante,|,1579,1580,1616,1606,1616,1625,1634,|,46,1,0,27,,36,9
633,restaurante,|,1579,1606,1628,1595,1628,1642,1656,|,63,27,0,16,,22,14
634,restaurante,|,1579,1616,1633,1607,1633,1645,1657,|,66,37,0,28,,17,12
635,almacen,|,1580,1581,1581,1586,1587,1591,1596,|,11,1,6,6,,0,4
636,almacen,|,1583,1584,1584,1588,1589,1597,1606,|,14,1,5,5,,0,8
637,restaurante,|,1584,1585,1618,1637,1630,1648,1667,|,64,1,12,53,,33,18
638,restaurante,|,1587,1630,1653,1605,1653,1664,1677,|,77,43,0,18,,23,11
639,restaurante,|,1588,1589,1604,1608,1609,1614,1620,|,26,1,5,20,,15,5
640,restaurante,|,1592,1602,1643,1643,1643,1658,1675,|,66,10,0,51,,41,15
641,restaurante,|,1597,1665,1693,1617,1693,1702,1712,|,105,68,0,20,,28,9
642,restaurante,|,1599,1618,1637,1629,1637,1654,1671,|,55,19,0,30,,19,17
643,restaurante,|,1601,1602,1631,1636,1637,1644,1652,|,43,1,6,35,,29,7
644,restaurante,|,1601,1653,1665,1619,1665,1670,1677,|,69,52,0,18,,12,5
645,restaurante,|,1606,1607,1648,1638,1648,1660,1673,|,54,1,0,32,,41,12
646,restaurante,|,1607,1706,1740,1621,1740,1745,1751,|,138,99,0,14,,34,5
647,restaurante,|,1611,1643,1665,1635,1665,1671,1679,|,60,32,0,24,,22,6
648,farmacia,|,1616,1617,1617,1618,1619,1630,1642,|,14,1,2,2,,0,11
649,restaurante,|,1620,1621,1632,1676,1676,1691,1706,|,71,1,44,56,,11,15
650,restaurante,|,1620,1621,1653,1678,1653,1666,1671,|,46,1,0,58,,32,13
651,farmacia,|,1621,1622,1622,1622,1623,1628,1634,|,7,1,1,1,,0,5
652,farmacia,|,1621,1622,1622,1623,1624,1630,1637,|,9,1,2,2,,0,6
653,restaurante,|,1622,1687,1707,1673,1707,1727,1747,|,105,65,0,51,,20,20
654,restaurante,|,1622,1653,1665,1639,1669,1679,1688,|,57,31,4,17,,12,10
655,restaurante,|,1623,1624,1646,1659,1661,1675,1677,|,52,1,15,36,,22,14
656,restaurante,|,1628,1665,1687,1668,1687,1703,1719,|,75,37,0,40,,22,16
657,restaurante,|,1630,1693,1706,1658,1706,1713,1720,|,83,63,0,28,,13,7
658,restaurante,|,1630,1631,1665,1688,1689,1708,1728,|,78,1,24,58,,34,19
659,restaurante,|,1634,1635,1682,1689,1685,1703,1722,|,69,1,3,55,,47,18
660,restaurante,|,1635,1637,1679,1672,1679,1684,1690,|,49,2,0,37,,42,5
661,almacen,|,1640,1641,1641,1657,1658,1672,1687,|,32,1,17,17,,0,14
662,farmacia,|,1642,1643,1643,1646,1647,1661,1677,|,19,1,4,4,,0,14
663,restaurante,|,1644,1645,1691,1679,1691,1699,1708,|,55,1,0,35,,46,8
664,farmacia,|,1645,1646,1646,1653,1654,1667,1683,|,22,1,8,8,,0,13
665,restaurante,|,1646,1647,1662,1680,1681,1688,1696,|,42,1,19,34,,15,7
666,restaurante,|,1646,1648,1671,1707,1708,1720,1733,|,74,2,37,61,,23,12
667,restaurante,|,1646,1647,1668,1681,1682,1693,1705,|,47,1,14,35,,21,11
668,restaurante,|,1650,1651,1672,1713,1714,1732,1751,|,82,1,42,63,,21,18
669,restaurante,|,1654,1668,1708,1693,1708,1727,1746,|,73,14,0,39,,40,19
670,almacen,|,1659,1659,1659,1674,1675,1694,1713,|,35,0,16,15,,0,19
671,restaurante,|,1660,1661,1708,1738,1739,1757,1777,|,97,1,31,78,,47,18
672,restaurante,|,1662,1663,1692,1714,1715,1733,1751,|,71,1,23,52,,29,18
673,restaurante,|,1662,1682,1714,1684,1714,1726,1739,|,64,20,0,22,,32,12
674,restaurante,|,1664,1665,1696,1697,1698,1707,1717,|,43,1,2,33,,31,9
675,restaurante,|,1666,1667,1698,1710,1711,1715,1720,|,49,1,13,44,,31,4
676,farmacia,|,1671,1672,1672,1682,1683,1687,1692,|,16,1,11,11,,0,4
677,restaurante,|,1672,1673,1699,1734,1735,1749,1764,|,77,1,36,62,,26,14
678,restaurante,|,1674,1675,1701,1761,1740,1749,1759,|,75,1,39,87,,26,9
679,restaurante,|,1679,1680,1716,1740,1741,1751,1763,|,72,1,25,61,,36,10
680,almacen,|,1684,1685,1685,1691,1692,1700,1709,|,16,1,7,7,,0,8
681,restaurante,|,1686,1687,1720,1749,1750,1760,1771,|,74,1,30,63,,33,10
682,restaurante,|,1688,1689,1700,1718,1719,1732,1746,|,44,1,19,30,,11,13
683,restaurante,|,1688,1689,1715,1721,1722,1729,1737,|,41,1,7,33,,26,7
684,restaurante,|,1689,1701,1729,1739,1762,1774,1787,|,85,12,33,50,,28,12
685,almacen,|,1690,1691,1691,1706,1707,1713,1720,|,23,1,16,16,,0,6
686,restaurante,|,1691,1691,1737,1723,1737,1745,1753,|,54,0,0,32,,46,8
687,restaurante,|,1692,1693,1735,1724,1735,1748,1762,|,56,1,0,32,,42,13
688,restaurante,|,1695,1696,1719,1758,1723,1741,1760,|,46,1,4,63,,23,18
689,restaurante,|,1699,1707,1726,1754,1726,1745,1764,|,46,8,0,55,,19,19
690,restaurante,|,1699,1726,1750,1720,1755,1761,1774,|,62,27,5,21,,24,6
691,restaurante,|,1699,1700,1714,1763,1749,1765,1782,|,66,1,35,64,,14,16
692,restaurante,|,1699,1700,1738,1747,1748,1758,1770,|,59,1,10,48,,38,10
693,restaurante,|,1700,1714,1731,1748,1764,1776,1789,|,76,14,33,48,,17,12
694,restaurante,|,1702,1719,1732,1722,1759,1764,1769,|,62,17,27,20,,13,5
695,farmacia,|,1707,1708,1708,1709,1710,1723,1737,|,16,1,2,2,,0,13
696,restaurante,|,1709,1710,1727,1752,1753,1757,1763,|,48,1,26,43,,17,4
697,restaurante,|,1713,1714,1740,1769,1770,1785,1801,|,72,1,30,56,,26,15
698,restaurante,|,1713,1714,1745,1755,1756,1762,1768,|,49,1,11,42,,31,6
699,restaurante,|,1717,1731,1774,1766,1774,1792,1810,|,75,14,0,49,,43,18
700,restaurante,|,1719,1720,1738,1760,1761,1772,1784,|,53,1,23,41,,18,11
701,restaurante,|,1723,1737,1771,1753,1771,1781,1792,|,58,14,0,30,,34,10
702,farmacia,|,1724,1725,1725,1729,1730,1743,1757,|,19,1,5,5,,0,13
703,restaurante,|,1724,1725,1749,1790,1768,1785,1803,|,61,1,19,66,,24,17
704,restaurante,|,1727,1728,1742,1765,1766,1778,1791,|,51,1,24,38,,14,12
705,restaurante,|,1727,1728,1742,1764,1765,1771,1778,|,44,1,23,37,,14,6
706,restaurante,|,1732,1742,1767,1772,1773,1784,1796,|,52,10,6,40,,25,11
707,restaurante,|,1736,1737,1758,1788,1789,1807,1826,|,71,1,31,52,,21,18
708,restaurante,|,1739,1749,1790,1767,1790,1794,1799,|,55,10,0,28,,41,4
709,restaurante,|,1741,1750,1767,1783,1784,1801,1819,|,60,9,17,42,,17,17
710,restaurante,|,1746,1747,1770,1771,1772,1782,1793,|,36,1,2,25,,23,10
711,restaurante,|,1749,1750,1762,1779,1780,1787,1795,|,38,1,18,30,,12,7
712,restaurante,|,1751,1752,1793,1778,1793,1802,1812,|,51,1,0,27,,41,9
713,restaurante,|,1754,1755,1770,1784,1786,1798,1811,|,44,1,16,30,,15,12
714,restaurante,|,1757,1774,1795,1775,1795,1806,1817,|,49,17,0,18,,21,11
715,almacen,|,1761,1762,1762,1770,1771,1776,1782,|,15,1,9,9,,0,5
716,restaurante,|,1761,1767,1779,1802,1803,1818,1834,|,57,6,24,41,,12,15
717,restaurante,|,1765,1766,1800,1818,1800,1817,1834,|,52,1,0,53,,34,17
718,restaurante,|,1768,1769,1809,1794,1809,1817,1826,|,49,1,0,26,,40,8
719,restaurante,|,1768,1769,1789,1820,1821,1834,1848,|,66,1,32,52,,20,13
720,restaurante,|,1769,1800,1842,1796,1842,1852,1862,|,83,31,0,27,,42,10
721,restaurante,|,1770,1790,1815,1785,1815,1823,1831,|,53,20,0,15,,25,8
722,restaurante,|,1770,1771,1808,1825,1826,1836,1847,|,66,1,18,55,,37,10
723,restaurante,|,1773,1774,1784,1797,1798,1810,1823,|,37,1,14,24,,10,12
724,restaurante,|,1777,1778,1809,1832,1833,1845,1858,|,68,1,24,55,,31,12
725,restaurante,|,1778,1815,1843,1800,1843,1850,1857,|,72,37,0,22,,28,7
726,restaurante,|,1780,1781,1792,1804,1805,1818,1832,|,38,1,13,24,,11,13
727,restaurante,|,1785,1786,1803,1814,1814,1821,1829,|,36,1,11,29,,17,7
728,restaurante,|,1785,1789,1802,1833,1834,1839,1845,|,54,4,32,48,,13,5
729,farmacia,|,1790,1791,1791,1792,1793,1801,1810,|,11,1,2,2,,0,8
730,almacen,|,1792,1793,1793,1793,1794,1808,1823,|,16,1,1,1,,0,14
731,restaurante,|,1793,1803,1835,1813,1835,1845,1855,|,52,10,0,20,,32,10
732,restaurante,|,1798,1799,1827,1827,1828,1837,1847,|,39,1,1,29,,28,9
733,restaurante,|,1799,1800,1840,1828,1840,1849,1858,|,50,1,0,29,,40,9
734,farmacia,|,1803,1804,1804,1811,1812,1822,1833,|,19,1,8,8,,0,10
735,restaurante,|,1805,1806,1841,1850,1842,1856,1871,|,51,1,1,45,,35,14
736,restaurante,|,1809,1835,1854,1830,1854,1860,1866,|,51,26,0,21,,19,6
737,farmacia,|,1811,1812,1812,1812,1813,1826,1840,|,15,1,1,1,,0,13
738,restaurante,|,1815,1816,1850,1835,1850,1856,1863,|,41,1,0,20,,34,6
739,restaurante,|,1815,1840,1878,1836,1878,1893,1908,|,78,25,0,21,,38,15
740,restaurante,|,1817,1818,1834,1837,1838,1851,1865,|,34,1,4,20,,16,13
741,almacen,|,1817,1818,1818,1824,1825,1829,1834,|,12,1,7,7,,0,4
742,restaurante,|,1821,1822,1834,1834,1835,1841,1848,|,20,1,1,13,,12,6
743,restaurante,|,1822,1823,1864,1848,1864,1876,1889,|,54,1,0,26,,41,12
744,restaurante,|,1824,1850,1886,1849,1886,1902,1919,|,78,26,0,25,,36,16
745,restaurante,|,1827,1828,1846,1856,1857,1873,1890,|,46,1,11,29,,18,16
746,restaurante,|,1827,1841,1880,1841,1880,1892,1904,|,65,14,0,14,,39,12
747,restaurante,|,1830,1831,1847,1858,1859,1877,1896,|,47,1,12,28,,16,18
748,restaurante,|,1834,1835,1862,1860,1862,1880,1898,|,46,1,0,26,,27,18
749,almacen,|,1839,1840,1840,1846,1847,1859,1872,|,20,1,7,7,,0,12
750,restaurante,|,1844,1845,1857,1851,1857,1865,1873,|,21,1,0,7,,12,8
751,restaurante,|,1847,1878,1924,1859,1924,1938,1952,|,91,31,0,12,,46,14
752,restaurante,|,1847,1848,1882,1872,1882,1901,1920,|,54,1,0,25,,34,19
753,restaurante,|,1849,1924,1942,1866,1942,1961,1980,|,112,75,0,17,,18,19
754,restaurante,|,1854,1855,1876,1874,1876,1891,1906,|,37,1,0,20,,21,15
755,restaurante,|,1859,1860,1894,1863,1894,1901,1908,|,42,1,0,4,,34,7
756,almacen,|,1862,1863,1863,1864,1865,1880,1896,|,18,1,2,2,,0,15
757,restaurante,|,1865,1876,1907,1867,1907,1917,1927,|,52,11,0,2,,31,10
758,almacen,|,1868,1869,1869,1873,1874,1879,1885,|,11,1,5,5,,0,5
759,restaurante,|,1869,1894,1908,1897,1908,1925,1942,|,56,25,0,28,,14,17
760,restaurante,|,1869,1870,1901,1909,1910,1928,1947,|,59,1,9,40,,31,18
761,restaurante,|,1872,1873,1891,1886,1891,1898,1905,|,26,1,0,14,,18,7
762,restaurante,|,1876,1877,1896,1922,1923,1937,1952,|,61,1,27,46,,19,14
763,farmacia,|,1879,1880,1880,1890,1891,1900,1910,|,21,1,11,11,,0,9
764,restaurante,|,1879,1880,1926,1898,1926,1932,1938,|,53,1,0,19,,46,6
765,restaurante,|,1882,1883,1905,1934,1935,1952,1970,|,70,1,30,52,,22,17
766,restaurante,|,1882,1883,1928,1907,1928,1932,1937,|,50,1,0,25,,45,4
767,restaurante,|,1887,1942,1969,1899,1969,1980,1992,|,93,55,0,12,,27,11
768,almacen,|,1887,1888,1888,1891,1892,1906,1921,|,19,1,4,4,,0,14
769,restaurante,|,1889,1890,1915,1906,1915,1924,1933,|,35,1,0,17,,25,9
770,restaurante,|,1892,1893,1904,1920,1921,1940,1960,|,48,1,17,28,,11,19
771,restaurante,|,1893,1894,1913,1905,1913,1919,1925,|,26,1,0,12,,19,6
772,restaurante,|,1897,1926,1942,1910,1942,1952,1962,|,55,29,0,13,,16,10
773,restaurante,|,1897,1898,1929,1943,1944,1963,1983,|,66,1,15,46,,31,19
774,restaurante,|,1901,1902,1939,1926,1939,1951,1964,|,50,1,0,25,,37,12
775,restaurante,|,1906,1908,1942,1928,1942,1955,1968,|,49,2,0,22,,34,13
776,restaurante,|,1910,1911,1923,1911,1923,1928,1933,|,18,1,0,1,,12,5
777,restaurante,|,1913,1914,1939,1939,1940,1949,1959,|,36,1,1,26,,25,9
778,almacen,|,1916,1917,1917,1921,1922,1940,1959,|,24,1,5,5,,0,18
779,restaurante,|,1921,1922,1954,1976,1962,1972,1983,|,51,1,8,55,,32,10
780,restaurante,|,1923,1924,1953,1956,1957,1970,1984,|,47,1,4,33,,29,13
781,restaurante,|,1923,1942,1963,1938,1963,1975,1988,|,52,19,0,15,,21,12
782,restaurante,|,1925,1926,1961,1962,1963,1968,1974,|,43,1,2,37,,35,5
783,restaurante,|,1926,1927,1958,1963,1964,1969,1975,|,43,1,6,37,,31,5
784,restaurante,|,1928,1969,1985,1948,1985,2002,2019,|,74,41,0,20,,16,17
785,almacen,|,1933,1934,1934,1935,1936,1945,1955,|,12,1,2,2,,0,9
786,restaurante,|,1938,1954,1996,1961,1996,2005,2015,|,67,16,0,23,,42,9
787,restaurante,|,1941,1942,1967,1969,1970,1979,1989,|,38,1,3,28,,25,9
788,almacen,|,1945,1946,1946,1953,1954,1961,1969,|,16,1,8,8,,0,7
789,almacen,|,1949,1950,1950,1960,1961,1975,1990,|,26,1,11,11,,0,14
790,farmacia,|,1952,1953,1953,1954,1955,1964,1974,|,12,1,2,2,,0,9
791,restaurante,|,1952,1985,1999,1977,1999,2014,2029,|,62,33,0,25,,14,15
792,almacen,|,1954,1955,1955,1965,1966,1971,1977,|,17,1,11,11,,0,5
793,restaurante,|,1958,1999,2025,1978,2025,2034,2043,|,76,41,0,20,,26,9
794,restaurante,|,1961,1962,2005,1981,2005,2013,2021,|,52,1,0,20,,43,8
795,restaurante,|,1963,1964,1984,1985,1986,2003,2021,|,40,1,2,22,,20,17
796,almacen,|,1965,1966,1966,1970,1971,1976,1982,|,11,1,5,5,,0,5
797,almacen,|,1966,1967,1967,1971,1972,1980,1989,|,14,1,5,5,,0,8
798,almacen,|,1966,1968,1968,1975,1975,1992,2010,|,26,2,7,9,,0,17
799,restaurante,|,1967,1968,1984,1989,1990,2004,2019,|,37,1,6,22,,16,14
800,restaurante,|,1969,1970,1992,1984,1992,1996,2001,|,27,1,0,15,,22,4
801,restaurante,|,1969,1970,1998,1991,1998,2014,2030,|,45,1,0,22,,28,16
802,restaurante,|,1971,1972,2002,1990,2002,2014,2027,|,43,1,0,19,,30,12
803,restaurante,|,1974,1992,2020,1993,2020,2034,2049,|,60,18,0,19,,28,14
804,restaurante,|,1974,1975,2012,1992,2012,2026,2040,|,52,1,0,18,,37,14
805,farmacia,|,1979,1980,1980,1983,1983,1989,1995,|,10,1,3,4,,0,6
806,restaurante,|,1979,1984,2007,1996,2007,2023,2039,|,44,5,0,17,,23,16
807,restaurante,|,1984,1985,2010,2021,2022,2041,2061,|,57,1,12,37,,25,19
808,restaurante,|,1984,1985,2006,1986,2006,2012,2018,|,28,1,0,2,,21,6
809,restaurante,|,1989,1990,2022,2023,2024,2039,2055,|,50,1,2,34,,32,15
810,restaurante,|,1994,2012,2023,2002,2023,2034,2046,|,40,18,0,8,,11,11
811,restaurante,|,1995,2023,2038,2011,2038,2046,2054,|,51,28,0,16,,15,8
812,restaurante,|,1998,1999,2033,2019,2033,2041,2049,|,43,1,0,21,,34,8
813,restaurante,|,2003,2004,2049,2030,2049,2068,2087,|,65,1,0,27,,45,19
814,almacen,|,2008,2009,2009,2016,2017,2036,2056,|,28,1,8,8,,0,19
815,restaurante,|,2010,2038,2078,2022,2078,2091,2104,|,81,28,0,12,,40,13
816,restaurante,|,2012,2014,2028,2041,2042,2056,2071,|,44,2,14,29,,14,14
817,restaurante,|,2014,2015,2035,2040,2041,2050,2060,|,36,1,6,26,,20,9
818,restaurante,|,2015,2020,2047,2037,2047,2057,2068,|,42,5,0,22,,27,10
819,farmacia,|,2017,2018,2018,2020,2021,2028,2036,|,11,1,3,3,,0,7
820,restaurante,|,2022,2023,2062,2028,2062,2068,2074,|,46,1,0,6,,39,6
821,restaurante,|,2025,2028,2068,2047,2068,2079,2090,|,54,3,0,22,,40,11
822,restaurante,|,2025,2026,2055,2044,2055,2062,2070,|,37,1,0,19,,29,7
823,restaurante,|,2025,2062,2103,2050,2103,2123,2143,|,98,37,0,25,,41,20
824,restaurante,|,2027,2028,2060,2056,2060,2076,2092,|,49,1,0,29,,32,16
825,restaurante,|,2029,2030,2047,2031,2047,2051,2056,|,22,1,0,2,,17,4
826,restaurante,|,2033,2078,2098,2051,2098,2115,2132,|,82,45,0,18,,20,17
827,restaurante,|,2037,2038,2069,2055,2069,2077,2086,|,40,1,0,18,,31,8
828,restaurante,|,2040,2041,2055,2093,2094,2108,2123,|,68,1,39,53,,14,14
829,restaurante,|,2042,2043,2072,2069,2072,2084,2096,|,42,1,0,27,,29,12
830,restaurante,|,2044,2072,2104,2058,2104,2114,2124,|,70,28,0,14,,32,10
831,restaurante,|,2046,2047,2086,2097,2098,2114,2131,|,68,1,12,51,,39,16
832,restaurante,|,2047,2048,2063,2072,2073,2082,2092,|,35,1,10,25,,15,9
833,restaurante,|,2051,2052,2074,2100,2101,2115,2130,|,64,1,27,49,,22,14
834,restaurante,|,2051,2052,2066,2075,2076,2087,2099,|,36,1,10,24,,14,11
835,restaurante,|,2056,2057,2088,2088,2089,2101,2114,|,45,1,1,32,,31,12
836,farmacia,|,2056,2057,2057,2057,2057,2067,2077,|,11,1,0,1,,0,10
837,restaurante,|,2056,2057,2094,2061,2094,2099,2105,|,43,1,0,5,,37,5
838,restaurante,|,2061,2098,2114,2078,2114,2125,2136,|,64,37,0,17,,16,11
839,farmacia,|,2061,2062,2062,2062,2062,2067,2072,|,6,1,0,1,,0,5
840,farmacia,|,2064,2065,2065,2071,2072,2089,2107,|,25,1,7,7,,0,17
841,restaurante,|,2065,2066,2087,2091,2092,2101,2111,|,36,1,5,26,,21,9
842,almacen,|,2070,2071,2071,2073,2074,2092,2111,|,22,1,3,3,,0,18
843,restaurante,|,2074,2075,2118,2101,2118,2123,2128,|,49,1,0,27,,43,5
844,farmacia,|,2077,2078,2078,2087,2088,2093,2099,|,16,1,10,10,,0,5
845,restaurante,|,2081,2103,2123,2094,2123,2132,2141,|,51,22,0,13,,20,9
846,restaurante,|,2086,2087,2115,2105,2115,2121,2128,|,35,1,0,19,,28,6
847,restaurante,|,2088,2089,2104,2112,2113,2131,2150,|,43,1,9,24,,15,18
848,restaurante,|,2092,2104,2126,2108,2126,2142,2158,|,50,12,0,16,,22,16
849,restaurante,|,2093,2094,2130,2131,2131,2148,2166,|,55,1,1,38,,36,17
850,restaurante,|,2094,2095,2124,2124,2124,2133,2142,|,39,1,0,30,,29,9
851,restaurante,|,2097,2126,2167,2115,2167,2176,2186,|,79,29,0,18,,41,9
852,restaurante,|,2099,2100,2118,2106,2118,2126,2134,|,27,1,0,7,,18,8
853,restaurante,|,2104,2124,2137,2129,2137,2152,2168,|,48,20,0,25,,13,15
854,restaurante,|,2106,2107,2132,2130,2132,2139,2147,|,33,1,0,24,,25,7
855,almacen,|,2110,2111,2111,2113,2114,2121,2129,|,11,1,3,3,,0,7
856,restaurante,|,2114,2115,2158,2135,2158,2177,2196,|,63,1,0,21,,43,19
857,restaurante,|,2119,2120,2133,2132,2133,2141,2150,|,22,1,0,13,,13,8
858,restaurante,|,2121,2122,2159,2145,2159,2177,2196,|,56,1,0,24,,37,18
859,farmacia,|,2123,2124,2124,2125,2126,2134,2143,|,11,1,2,2,,0,8
860,restaurante,|,2123,2124,2167,2144,2167,2182,2197,|,59,1,0,21,,43,15
861,restaurante,|,2127,2128,2165,2134,2165,2174,2183,|,47,1,0,7,,37,9
862,restaurante,|,2127,2165,2198,2133,2198,2206,2214,|,79,38,0,6,,33,8
863,restaurante,|,2131,2132,2150,2151,2152,2169,2187,|,38,1,2,20,,18,17
864,restaurante,|,2131,2167,2204,2142,2204,2217,2230,|,86,36,0,11,,37,13
865,restaurante,|,2134,2135,2147,2143,2147,2165,2183,|,31,1,0,9,,12,18
866,restaurante,|,2135,2136,2158,2137,2158,2169,2180,|,34,1,0,2,,22,11
867,restaurante,|,2140,2141,2179,2148,2179,2189,2199,|,49,1,0,8,,38,10
868,restaurante,|,2144,2145,2182,2167,2182,2199,2216,|,55,1,0,23,,37,17
869,restaurante,|,2148,2158,2179,2152,2179,2198,2217,|,50,10,0,4,,21,19
870,restaurante,|,2152,2153,2184,2159,2184,2192,2201,|,40,1,0,7,,31,8
871,restaurante,|,2155,2156,2173,2181,2182,2188,2195,|,33,1,9,26,,17,6
872,restaurante,|,2156,2157,2202,2188,2202,2215,2228,|,59,1,0,32,,45,13
873,farmacia,|,2161,2162,2162,2169,2170,2183,2197,|,22,1,8,8,,0,13
874,restaurante,|,2163,2179,2214,2197,2214,2222,2230,|,59,16,0,34,,35,8
875,restaurante,|,2167,2204,2241,2198,2241,2256,2271,|,89,37,0,31,,37,15
876,farmacia,|,2171,2172,2172,2184,2185,2204,2224,|,33,1,13,13,,0,19
877,almacen,|,2174,2175,2175,2185,2186,2194,2203,|,20,1,11,11,,0,8
878,restaurante,|,2175,2175,2203,2201,2203,2210,2218,|,35,0,0,26,,28,7
879,restaurante,|,2177,2182,2225,2219,2225,2244,2263,|,67,5,0,42,,43,19
880,restaurante,|,2178,2179,2213,2199,2213,2222,2231,|,44,1,0,21,,34,9
881,almacen,|,2180,2182,2182,2196,2197,2207,2218,|,27,2,15,16,,0,10
882,restaurante,|,2181,2182,2203,2218,2219,2237,2256,|,56,1,16,37,,21,18
883,restaurante,|,2181,2182,2227,2253,2227,2243,2259,|,62,1,0,72,,45,16
884,farmacia,|,2185,2186,2186,2187,2188,2192,2197,|,7,1,2,2,,0,4
885,restaurante,|,2186,2225,2257,2200,2257,2261,2266,|,75,39,0,14,,32,4
886,restaurante,|,2190,2202,2238,2202,2238,2252,2266,|,62,12,0,12,,36,14
887,restaurante,|,2194,2227,2262,2204,2262,2267,2272,|,73,33,0,10,,35,5
888,restaurante,|,2196,2197,2242,2222,2242,2247,2252,|,51,1,0,26,,45,5
889,restaurante,|,2198,2199,2223,2215,2223,2231,2239,|,33,1,0,17,,24,8
890,restaurante,|,2198,2199,2209,2203,2209,2215,2221,|,17,1,0,5,,10,6
891,restaurante,|,2201,2289,2319,2225,2319,2336,2354,|,135,88,0,24,,30,17
892,restaurante,|,2202,2203,2214,2229,2230,2239,2249,|,37,1,16,27,,11,9
893,restaurante,|,2203,2209,2238,2270,2271,2289,2308,|,86,6,33,67,,29,18
894,restaurante,|,2206,2207,2249,2231,2249,2259,2269,|,53,1,0,25,,42,10
895,restaurante,|,2207,2208,2230,2232,2233,2239,2246,|,32,1,3,25,,22,6
896,restaurante,|,2212,2241,2268,2233,2268,2282,2297,|,70,29,0,21,,27,14
897,restaurante,|,2214,2215,2229,2240,2241,2259,2278,|,45,1,12,26,,14,18
898,restaurante,|,2215,2262,2289,2250,2289,2307,2325,|,92,47,0,35,,27,18
899,almacen,|,2215,2216,2216,2217,2218,2233,2249,|,18,1,2,2,,0,15
900,restaurante,|,2219,2220,2233,2220,2233,2241,2250,|,22,1,0,1,,13,8
901,restaurante,|,2221,2222,2266,2283,2284,2301,2319,|,80,1,18,62,,44,17
902,restaurante,|,2221,2222,2248,2277,2278,2293,2309,|,72,1,30,56,,26,15
903,restaurante,|,2225,2226,2260,2257,2260,2272,2285,|,47,1,0,32,,34,12
904,restaurante,|,2225,2242,2266,2247,2266,2272,2278,|,47,17,0,22,,24,6
905,restaurante,|,2225,2226,2270,2260,2270,2275,2281,|,50,1,0,35,,44,5
906,restaurante,|,2228,2319,2336,2251,2336,2343,2350,|,115,91,0,23,,17,7
907,restaurante,|,2232,2266,2310,2252,2310,2324,2338,|,92,34,0,20,,44,14
908,restaurante,|,2233,2234,2270,2268,2270,2275,2281,|,42,1,0,35,,36,5
909,restaurante,|,2238,2240,2280,2286,2287,2299,2312,|,61,2,7,48,,40,12
910,restaurante,|,2239,2248,2268,2280,2281,2293,2306,|,54,9,13,41,,20,12
911,restaurante,|,2244,2245,2256,2272,2273,2284,2296,|,40,1,17,28,,11,11
912,restaurante,|,2249,2250,2275,2279,2279,2284,2290,|,35,1,4,30,,25,5
913,almacen,|,2254,2255,2255,2264,2265,2270,2276,|,16,1,10,10,,0,5
914,restaurante,|,2256,2257,2297,2282,2297,2307,2318,|,51,1,0,26,,40,10
915,farmacia,|,2261,2262,2262,2267,2268,2278,2289,|,17,1,6,6,,0,10
916,restaurante,|,2266,2268,2280,2289,2290,2295,2301,|,29,2,10,23,,12,5
917,farmacia,|,2271,2272,2272,2273,2275,2281,2288,|,10,1,3,2,,0,6
918,restaurante,|,2272,2273,2308,2291,2308,2320,2333,|,48,1,0,19,,35,12
919,restaurante,|,2277,2278,2296,2290,2296,2301,2306,|,24,1,0,13,,18,5
920,restaurante,|,2281,2310,2354,2297,2354,2360,2366,|,79,29,0,16,,44,6
921,restaurante,|,2281,2282,2325,2308,2325,2345,2365,|,64,1,0,27,,43,20
922,restaurante,|,2285,2286,2335,2302,2335,2343,2351,|,58,1,0,17,,49,8
923,restaurante,|,2288,2296,2336,2298,2336,2343,2350,|,55,8,0,10,,40,7
924,restaurante,|,2293,2294,2327,2307,2327,2337,2347,|,44,1,0,14,,33,10
925,restaurante,|,2298,2354,2393,2313,2393,2411,2430,|,113,56,0,15,,39,18
926,restaurante,|,2302,2303,2322,2319,2322,2332,2342,|,30,1,0,17,,19,10
927,restaurante,|,2302,2303,2339,2320,2339,2359,2379,|,57,1,0,18,,36,20
928,restaurante,|,2303,2304,2349,2310,2349,2357,2365,|,54,1,0,7,,45,8
929,restaurante,|,2308,2322,2342,2309,2342,2350,2358,|,42,14,0,1,,20,8
930,restaurante,|,2313,2314,2360,2351,2360,2376,2392,|,63,1,0,38,,46,16
931,restaurante,|,2315,2336,2375,2334,2375,2389,2404,|,74,21,0,19,,39,14
932,farmacia,|,2320,2321,2321,2326,2327,2338,2350,|,18,1,6,6,,0,11
933,restaurante,|,2323,2335,2361,2348,2361,2375,2389,|,52,12,0,25,,26,14
934,restaurante,|,2326,2327,2348,2339,2348,2360,2373,|,34,1,0,13,,21,12
935,restaurante,|,2330,2331,2358,2353,2358,2366,2374,|,36,1,0,23,,27,8
936,restaurante,|,2334,2349,2366,2367,2366,2381,2396,|,47,15,0,33,,17,15
937,restaurante,|,2335,2335,2376,2354,2376,2387,2398,|,52,0,0,19,,41,11
938,farmacia,|,2337,2338,2338,2343,2344,2348,2353,|,11,1,6,6,,0,4
939,restaurante,|,2338,2376,2387,2355,2387,2406,2425,|,68,38,0,17,,11,19
940,restaurante,|,2339,2340,2382,2359,2382,2388,2394,|,49,1,0,20,,42,6
941,restaurante,|,2344,2366,2387,2356,2387,2398,2409,|,54,22,0,12,,21,11
942,restaurante,|,2348,2349,2367,2375,2369,2380,2392,|,32,1,2,27,,18,11
943,restaurante,|,2348,2358,2400,2377,2400,2415,2430,|,67,10,0,29,,42,15
944,almacen,|,2350,2351,2351,2352,2353,2364,2376,|,14,1,2,2,,0,11
945,restaurante,|,2350,2367,2387,2368,2387,2406,2425,|,56,17,0,18,,20,19
946,restaurante,|,2353,2354,2384,2366,2384,2393,2402,|,40,1,0,13,,30,9
947,restaurante,|,2356,2400,2416,2374,2416,2430,2444,|,74,44,0,18,,16,14
948,restaurante,|,2361,2362,2395,2403,2404,2413,2423,|,52,1,9,42,,33,9
949,restaurante,|,2361,2362,2374,2380,2381,2393,2406,|,32,1,7,19,,12,12
950,restaurante,|,2366,2366,2395,2410,2411,2425,2440,|,59,0,16,44,,29,14
951,restaurante,|,2370,2421,2447,2397,2447,2461,2475,|,91,51,0,27,,26,14
952,restaurante,|,2374,2387,2421,2394,2421,2434,2447,|,60,13,0,20,,34,13
953,restaurante,|,2377,2384,2419,2390,2419,2424,2429,|,47,7,0,13,,35,5
954,almacen,|,2382,2383,2383,2393,2394,2409,2425,|,27,1,11,11,,0,15
955,restaurante,|,2387,2388,2409,2405,2409,2414,2419,|,27,1,0,18,,21,5
956,almacen,|,2389,2390,2390,2395,2396,2402,2409,|,13,1,6,6,,0,6
957,restaurante,|,2390,2391,2416,2431,2432,2443,2455,|,53,1,16,41,,25,11
958,restaurante,|,2392,2393,2417,2425,2426,2431,2437,|,39,1,9,33,,24,5
959,restaurante,|,2392,2441,2483,2427,2483,2503,2523,|,111,49,0,35,,42,20
960,restaurante,|,2392,2393,2408,2442,2443,2460,2478,|,68,1,35,50,,15,17
961,almacen,|,2394,2395,2395,2399,2400,2411,2423,|,17,1,5,5,,0,11
962,restaurante,|,2398,2416,2441,2424,2441,2448,2455,|,50,18,0,26,,25,7
963,restaurante,|,2402,2403,2433,2430,2433,2437,2442,|,35,1,0,28,,30,4
964,almacen,|,2405,2406,2406,2407,2408,2420,2433,|,15,1,2,2,,0,12
965,farmacia,|,2408,2409,2409,2411,2412,2419,2426,|,11,1,3,3,,0,7
966,restaurante,|,2408,2417,2454,2445,2454,2469,2485,|,61,9,0,37,,37,15
967,farmacia,|,2411,2412,2412,2420,2421,2437,2454,|,26,1,9,9,,0,16
968,restaurante,|,2415,2416,2433,2438,2439,2452,2466,|,37,1,6,23,,17,13
969,almacen,|,2417,2418,2418,2428,2429,2445,2462,|,28,1,11,11,,0,16
970,restaurante,|,2421,2447,2491,2432,2491,2505,2519,|,84,26,0,11,,44,14
971,restaurante,|,2423,2424,2443,2457,2458,2475,2493,|,52,1,15,34,,19,17
972,farmacia,|,2425,2426,2426,2426,2426,2433,2440,|,8,1,0,1,,0,7
973,farmacia,|,2428,2429,2429,2429,2430,2443,2457,|,15,1,1,1,,0,13
974,restaurante,|,2429,2430,2456,2464,2457,2471,2486,|,42,1,1,35,,26,14
975,restaurante,|,2432,2433,2449,2434,2449,2455,2461,|,23,1,0,2,,16,6
976,farmacia,|,2435,2436,2436,2441,2442,2447,2453,|,12,1,6,6,,0,5
977,restaurante,|,2436,2491,2528,2458,2528,2547,2566,|,111,55,0,22,,37,19
978,restaurante,|,2436,2456,2474,2456,2474,2486,2498,|,50,20,0,20,,18,12
979,restaurante,|,2436,2437,2448,2448,2448,2455,2462,|,19,1,0,12,,11,7
980,restaurante,|,2440,2441,2465,2482,2483,2499,2516,|,59,1,18,42,,24,16
981,almacen,|,2442,2443,2443,2443,2444,2462,2481,|,20,1,1,1,,0,18
982,restaurante,|,2443,2444,2476,2462,2476,2482,2489,|,39,1,0,19,,32,6
983,restaurante,|,2445,2446,2492,2463,2492,2500,2508,|,55,1,0,18,,46,8
984,farmacia,|,2448,2449,2449,2454,2455,2474,2494,|,26,1,6,6,,0,19
985,farmacia,|,2451,2452,2452,2455,2456,2461,2467,|,10,1,4,4,,0,5
986,restaurante,|,2454,2455,2482,2495,2487,2503,2520,|,49,1,5,41,,27,16
987,restaurante,|,2457,2458,2484,2496,2497,2513,2530,|,56,1,13,39,,26,16
988,restaurante,|,2458,2459,2498,2476,2498,2506,2514,|,48,1,0,18,,39,8
989,restaurante,|,2460,2482,2492,2490,2492,2511,2530,|,51,22,0,30,,10,19
990,restaurante,|,2463,2528,2572,2487,2572,2592,2612,|,129,65,0,24,,44,20
991,almacen,|,2464,2465,2465,2467,2468,2481,2495,|,17,1,3,3,,0,13
992,restaurante,|,2465,2466,2495,2494,2495,2501,2508,|,36,1,0,29,,29,6
993,almacen,|,2465,2467,2467,2468,2469,2489,2509,|,24,2,2,3,,0,20
994,restaurante,|,2468,2492,2529,2486,2529,2534,2539,|,66,24,0,18,,37,5
995,restaurante,|,2469,2474,2495,2511,2512,2530,2549,|,61,5,17,42,,21,18
996,farmacia,|,2472,2473,2473,2479,2480,2496,2513,|,24,1,7,7,,0,16
997,restaurante,|,2477,2478,2501,2499,2501,2519,2538,|,42,1,0,22,,23,18
998,restaurante,|,2479,2480,2498,2509,2510,2523,2537,|,44,1,12,30,,18,13
999,restaurante,|,2483,2484,2527,2510,2527,2536,2545,|,53,1,0,27,,43,9